       n          mae          tae
1     10 4.248562e-11 2.480430e-10
2     20 4.743948e-11 4.770605e-10
3     30 4.739007e-11 6.348198e-10
4     40 4.814586e-11 8.159863e-10
5     50 4.890080e-11 9.298925e-10
6     60 4.865463e-11 1.023444e-09
7     70 4.895950e-11 1.173476e-09
8     80 4.872771e-11 1.236892e-09
9     90 4.911015e-11 1.332057e-09
10   100 4.875051e-11 1.441529e-09
11   110 4.917115e-11 1.422371e-09
12   120 4.850827e-11 1.438764e-09
13   130 4.925650e-11 1.614526e-09
14   140 4.914653e-11 1.616098e-09
15   150 4.919942e-11 1.692958e-09
16   160 4.883824e-11 1.756339e-09
17   170 4.929144e-11 1.893025e-09
18   180 4.923821e-11 1.869217e-09
19   190 4.927576e-11 1.966363e-09
20   200 4.944559e-11 2.029644e-09
21   210 4.941738e-11 2.063884e-09
22   220 4.929504e-11 2.123657e-09
23   230 4.942851e-11 2.157219e-09
24   240 4.937390e-11 2.213993e-09
25   250 4.937041e-11 2.274462e-09
26   260 4.943471e-11 2.228789e-09
27   270 4.888776e-11 2.379735e-09
28   280 4.949435e-11 2.393690e-09
29   290 4.939183e-11 2.404370e-09
30   300 4.939461e-11 2.484004e-09
31   310 4.950368e-11 2.466606e-09
32   320 4.948593e-11 2.517121e-09
33   330 4.948514e-11 2.564907e-09
34   340 4.947774e-11 2.644487e-09
35   350 4.948599e-11 2.781020e-09
36   360 4.964740e-11 2.790834e-09
37   370 4.950805e-11 2.771929e-09
38   380 4.948070e-11 2.771322e-09
39   390 4.958275e-11 2.872425e-09
40   400 4.947930e-11 2.782839e-09
41   410 4.953968e-11 2.945716e-09
42   420 4.960277e-11 2.954226e-09
43   430 4.956532e-11 3.022508e-09
44   440 4.946901e-11 2.962537e-09
45   450 4.958789e-11 3.120989e-09
46   460 4.950598e-11 3.084132e-09
47   470 4.957037e-11 3.010111e-09
48   480 4.947213e-11 3.047440e-09
49   490 4.950439e-11 3.094288e-09
50   500 4.963575e-11 3.183459e-09
51   510 4.952302e-11 3.166643e-09
52   520 4.948256e-11 3.124431e-09
53   530 4.950649e-11 3.382134e-09
54   540 4.953997e-11 3.210442e-09
55   550 4.958632e-11 3.389109e-09
56   560 4.953311e-11 3.305350e-09
57   570 4.952295e-11 3.356984e-09
58   580 4.956235e-11 3.416224e-09
59   590 4.961019e-11 3.517513e-09
60   600 4.963535e-11 3.524555e-09
61   610 4.958685e-11 3.436794e-09
62   620 4.965310e-11 3.708580e-09
63   630 4.963144e-11 3.646233e-09
64   640 4.962179e-11 3.694221e-09
65   650 4.964203e-11 3.505216e-09
66   660 4.958985e-11 3.580667e-09
67   670 4.958389e-11 3.707551e-09
68   680 4.973918e-11 3.816049e-09
69   690 4.964289e-11 3.915728e-09
70   700 4.963075e-11 3.805414e-09
71   710 4.968382e-11 3.894804e-09
72   720 4.962090e-11 3.832711e-09
73   730 4.966409e-11 3.893322e-09
74   740 4.954779e-11 3.846835e-09
75   750 4.963220e-11 3.775704e-09
76   760 4.960010e-11 3.835672e-09
77   770 4.956631e-11 3.905202e-09
78   780 4.963283e-11 3.937346e-09
79   790 4.963897e-11 3.943686e-09
80   800 4.969172e-11 4.233259e-09
81   810 4.960471e-11 4.093683e-09
82   820 4.962905e-11 4.064017e-09
83   830 4.957201e-11 3.977312e-09
84   840 4.971698e-11 4.164026e-09
85   850 4.961817e-11 4.298639e-09
86   860 4.966607e-11 4.199798e-09
87   870 4.971719e-11 4.135960e-09
88   880 4.970018e-11 4.296971e-09
89   890 4.971694e-11 4.488432e-09
90   900 4.969408e-11 4.395771e-09
91   910 4.968088e-11 4.263663e-09
92   920 4.960624e-11 4.181737e-09
93   930 4.969909e-11 4.278060e-09
94   940 4.961788e-11 4.357698e-09
95   950 4.973225e-11 4.624541e-09
96   960 4.963198e-11 4.392606e-09
97   970 4.969767e-11 4.410560e-09
98   980 4.967516e-11 4.511945e-09
99   990 4.961382e-11 4.423654e-09
100 1000 4.972270e-11 4.537391e-09