
1 1 5.24978e-01
         
2 2 3.39962e-01
         
3 3 2.50543e-01
         
4 4 1.96747e-01
         
5 5 1.63578e-01
         
6 6 1.40073e-01
         
7 7 1.22266e-01
         
8 8 1.08016e-01
         
9 9 9.76166e-02
           
10 10 8.83387e-02
           
11 11 8.11059e-02
           
12 12 7.49255e-02
           
13 13 6.93213e-02
           
14 14 6.50087e-02
           
15 15 6.05839e-02
           
16 16 5.68772e-02
           
17 17 5.40040e-02
           
18 18 5.11595e-02
           
19 19 4.85958e-02
           
20 20 4.60806e-02
           
21 21 4.40487e-02
           
22 22 4.21653e-02
           
23 23 4.04447e-02
           
24 24 3.90165e-02
           
25 25 3.73630e-02
           
26 26 3.58627e-02
           
27 27 3.46109e-02
           
28 28 3.34128e-02
           
29 29 3.24659e-02
           
30 30 3.14632e-02
           
31 31 3.03428e-02
           
32 32 2.94334e-02
           
33 33 2.85653e-02
           
34 34 2.78239e-02
           
35 35 2.69169e-02
           
36 36 2.62742e-02
           
37 37 2.54331e-02
           
38 38 2.48188e-02
           
39 39 2.42187e-02
           
40 40 2.36390e-02
           
41 41 2.29916e-02
           
42 42 2.25227e-02
           
43 43 2.20420e-02
           
44 44 2.15484e-02
           
45 45 2.10540e-02
           
46 46 2.06002e-02
           
47 47 2.01890e-02
           
48 48 1.97819e-02
           
49 49 1.92988e-02
           
50 50 1.89295e-02
           
51 51 1.86857e-02
           
52 52 1.82574e-02
           
53 53 1.79245e-02
           
54 54 1.75708e-02
           
55 55 1.72831e-02
           
56 56 1.70214e-02
           
57 57 1.67212e-02
           
58 58 1.63966e-02
           
59 59 1.61413e-02
           
60 60 1.59037e-02
           
61 61 1.56102e-02
           
62 62 1.53691e-02
           
63 63 1.51267e-02
           
64 64 1.48898e-02
           
65 65 1.46426e-02
           
66 66 1.44271e-02
           
67 67 1.42401e-02
           
68 68 1.40546e-02
           
69 69 1.38387e-02
           
70 70 1.36273e-02
           
71 71 1.34378e-02
           
72 72 1.32477e-02
           
73 73 1.30896e-02
           
74 74 1.29124e-02
           
75 75 1.27300e-02
           
76 76 1.25748e-02
           
77 77 1.24131e-02
           
78 78 1.22258e-02
           
79 79 1.21205e-02
           
80 80 1.19686e-02
           
81 81 1.17932e-02
           
82 82 1.16614e-02
           
83 83 1.15132e-02
           
84 84 1.13898e-02
           
85 85 1.12519e-02
           
86 86 1.11555e-02
           
87 87 1.10014e-02
           
88 88 1.08860e-02
           
89 89 1.07439e-02
           
90 90 1.06345e-02
           
91 91 1.05276e-02
           
92 92 1.04310e-02
           
93 93 1.02990e-02
           
94 94 1.02143e-02
           
95 95 1.00579e-02
           
96 96 9.97926e-03
           
97 97 9.87347e-03
           
98 98 9.79036e-03
           
99 99 9.68028e-03
             
100 100 9.56690e-03