       n          mae          tae
1     10 4.597921e-11 2.720804e-10
2     20 4.779196e-11 5.374164e-10
3     30 4.829990e-11 7.432791e-10
4     40 4.847870e-11 8.698548e-10
5     50 4.877530e-11 1.001873e-09
6     60 4.884102e-11 1.119252e-09
7     70 4.887912e-11 1.222119e-09
8     80 4.882118e-11 1.288261e-09
9     90 4.894542e-11 1.386054e-09
10   100 4.925652e-11 1.453872e-09
11   110 4.915738e-11 1.539723e-09
12   120 4.905517e-11 1.583559e-09
13   130 4.924265e-11 1.668122e-09
14   140 4.928330e-11 1.737971e-09
15   150 4.930482e-11 1.796063e-09
16   160 4.926184e-11 1.869858e-09
17   170 4.946216e-11 1.931225e-09
18   180 4.923130e-11 1.964742e-09
19   190 4.943737e-11 2.025359e-09
20   200 4.949264e-11 2.089243e-09
21   210 4.939660e-11 2.136033e-09
22   220 4.943656e-11 2.188871e-09
23   230 4.948250e-11 2.245614e-09
24   240 4.939561e-11 2.280521e-09
25   250 4.940982e-11 2.329296e-09
26   260 4.944442e-11 2.378499e-09
27   270 4.952801e-11 2.425416e-09
28   280 4.954096e-11 2.459690e-09
29   290 4.948512e-11 2.529286e-09
30   300 4.954546e-11 2.531042e-09
31   310 4.953615e-11 2.570900e-09
32   320 4.946062e-11 2.645605e-09
33   330 4.950571e-11 2.693984e-09
34   340 4.966080e-11 2.728264e-09
35   350 4.940449e-11 2.763594e-09
36   360 4.951451e-11 2.817356e-09
37   370 4.951421e-11 2.853492e-09
38   380 4.956685e-11 2.875423e-09
39   390 4.955336e-11 2.891729e-09
40   400 4.959633e-11 2.949793e-09
41   410 4.956418e-11 2.965269e-09
42   420 4.963288e-11 3.013304e-09
43   430 4.957137e-11 3.081354e-09
44   440 4.954375e-11 3.080834e-09
45   450 4.953282e-11 3.114996e-09
46   460 4.962193e-11 3.157742e-09
47   470 4.962827e-11 3.181848e-09
48   480 4.955592e-11 3.198916e-09
49   490 4.962980e-11 3.256478e-09
50   500 4.964191e-11 3.286615e-09
51   510 4.959140e-11 3.296535e-09
52   520 4.959046e-11 3.326174e-09
53   530 4.958326e-11 3.333416e-09
54   540 4.963685e-11 3.402011e-09
55   550 4.961666e-11 3.450596e-09
56   560 4.969898e-11 3.468527e-09
57   570 4.965501e-11 3.488252e-09
58   580 4.970672e-11 3.536140e-09
59   590 4.964613e-11 3.593620e-09
60   600 4.965539e-11 3.582038e-09
61   610 4.970372e-11 3.625161e-09
62   620 4.960558e-11 3.656344e-09
63   630 4.972292e-11 3.679351e-09
64   640 4.969378e-11 3.700848e-09
65   650 4.969335e-11 3.725819e-09
66   660 4.967499e-11 3.765293e-09
67   670 4.964043e-11 3.768971e-09
68   680 4.969058e-11 3.801030e-09
69   690 4.968255e-11 3.835578e-09
70   700 4.972566e-11 3.867820e-09
71   710 4.965876e-11 3.894442e-09
72   720 4.959329e-11 3.930067e-09
73   730 4.966562e-11 3.933301e-09
74   740 4.964855e-11 3.991434e-09
75   750 4.974414e-11 4.005001e-09
76   760 4.964290e-11 4.045527e-09
77   770 4.970891e-11 4.076339e-09
78   780 4.963650e-11 4.078791e-09
79   790 4.970663e-11 4.110661e-09
80   800 4.965300e-11 4.161065e-09
81   810 4.971266e-11 4.156945e-09
82   820 4.971457e-11 4.222027e-09
83   830 4.966007e-11 4.264775e-09
84   840 4.968061e-11 4.256136e-09
85   850 4.968993e-11 4.257249e-09
86   860 4.966848e-11 4.287245e-09
87   870 4.970909e-11 4.320115e-09
88   880 4.975242e-11 4.334964e-09
89   890 4.969211e-11 4.372895e-09
90   900 4.966540e-11 4.389047e-09
91   910 4.972710e-11 4.420090e-09
92   920 4.966556e-11 4.422978e-09
93   930 4.967862e-11 4.432870e-09
94   940 4.974683e-11 4.480513e-09
95   950 4.972325e-11 4.525170e-09
96   960 4.973923e-11 4.528100e-09
97   970 4.972290e-11 4.563850e-09
98   980 4.975577e-11 4.599333e-09
99   990 4.971039e-11 4.614427e-09
100 1000 4.974529e-11 4.591049e-09