1 1 1.68833e-01 4.61469e-01
         
2 2 6.47574e-02 4.95226e-01
         
3 3 3.42098e-02 5.56579e-01
         
4 4 1.83325e-02 5.49254e-01
         
5 5 1.17886e-02 5.74034e-01
         
6 6 7.74169e-03 5.28988e-01
         
7 7 5.66372e-03 5.55902e-01
         
8 8 4.11340e-03 5.31917e-01
         
9 9 3.78760e-03 6.24273e-01
        
10 10 3.14578e-03 6.45998e-01
        
11 11 2.59679e-03 6.38179e-01
        
12 12 2.26670e-03 6.83128e-01
        
13 13 1.93474e-03 6.95112e-01
        
14 14 1.84201e-03 7.73124e-01
        
15 15 1.61727e-03 7.92553e-01
        
16 16 1.50166e-03 8.39745e-01
        
17 17 1.31005e-03 8.39442e-01
        
18 18 1.28661e-03 9.07340e-01
        
19 19 1.18864e-03 9.15904e-01
        
20 20 1.15142e-03 9.75622e-01
        
        
        
        
        
        
        
        
        
        
        
        
        
        
        
        
        
        
        
        
        
        
        
        
        
        
        
        
        
        
        
21 21 1.03699e-03 9.86574e-01
        
        
        
        
        
        
        
        
        
        
        
        
        
        
        
        
        
        
        
        
        
        
        
        
        
        
        
        
        
        
        
        
        
        
        
        
        
        
        
        
        
        
        
        
        
        
        
        
        
        
        
        
        
        
        
        
        
        
        
        
        
        
        
        
        
        
        
        
        
        
        
        
        
        
        
        
22 22 1.00616e-03 1.02496e+00
        
        
        
        
        
        
        
        
        
        
        
        
        
        
        
        
        
        
        
        
        
        
        
        
        
        
        
        
        
        
        
        
        
        
        
        
        
        
        
        
        
        
        
        
        
        
        
        
        
        
        
        
        
        
        
        
        
        
        
        
        
        
        
        
        
        
        
        
        
        
        
        
        
        
        
        
        
        
        
        
        
        
        
        
        
        
        
        
        
        
        
        
        
        
        
        
        
        
        
        
        
23 23 9.48503e-04 1.04076e+00
        
        
        
        
        
        
        
        
        
        
        
        
        
        
        
        
        
        
        
        
        
        
        
        
        
        
        
        
        
        
        
        
        
        
        
        
        
        
        
        
        
        
        
        
        
        
        
        
        
        
        
        
        
        
        
        
        
        
        
        
        
        
        
        
        
        
        
        
        
        
        
        
        
        
        
        
        
        
        
        
        
        
        
        
        
        
        
        
        
        
        
        
        
        
        
        
        
        
        
        
        
        
        
        
        
        
        
        
        
        
        
        
        
        
        
        
        
        
        
        
        
        
        
        
        
        
24 24 9.51121e-04 1.10589e+00
        
        
        
        
        
        
        
        
        
        
        
        
        
        
        
        
        
        
        
        
        
        
        
        
        
        
        
        
        
        
        
        
        
        
        
        
        
        
        
        
        
        
        
        
        
        
        
        
        
        
        
        
        
        
        
        
        
        
        
        
        
        
        
        
        
        
        
        
        
        
        
        
        
        
        
        
        
        
        
        
        
        
        
        
        
        
        
        
        
        
        
        
        
        
        
        
        
        
        
        
        
        
        
        
        
        
        
        
        
        
        
        
        
        
        
        
        
        
        
        
        
        
        
        
        
        
        
        
        
        
        
        
        
        
        
        
        
        
        
        
        
        
        
        
        
        
        
        
        
        
        
        
        
25 25 8.58740e-04 1.11302e+00
        
        
        
        
        
        
        
        
        
        
        
        
        
        
        
        
        
        
        
        
        
        
        
        
        
        
        
        
        
        
        
        
        
        
        
        
        
        
        
        
        
        
        
        
        
        
        
        
        
        
        
        
        
        
        
        
        
        
        
        
        
        
        
        
        
        
        
        
        
        
        
        
        
        
        
        
        
        
        
        
        
        
        
        
        
        
        
        
        
        
        
        
        
        
26 26 8.22751e-04 1.14090e+00