"n"	"m"	"B"	"max"	"err.max"	"per.95"	"err.95"	"per.90"	"err.90"
"2"	10	3	"1e+06"	0.088233639	0.0002550216	0.067692245	0.0002115705	0.050588565	0.0001759531
"3"	20	3	"1e+06"	0.046937713	0.0001568824	0.028790351	0.0001467972	0.016693623	9.597608e-05
"4"	30	3	"1e+06"	0.03181549	0.0001334738	0.016069998	9.171111e-05	0.007942813	7.721726e-05
"5"	40	3	"1e+06"	0.023895133	0.0001085541	0.010796394	7.893874e-05	0.004799327	5.907303e-05
"6"	50	3	"1e+06"	0.019245669	0.0001049859	0.008250316	7.826788e-05	0.003526253	4.406739e-05
"7"	60	3	"1e+06"	0.016139818	7.881535e-05	0.006791144	6.558732e-05	0.00282221	4.438145e-05
"8"	70	3	"1e+06"	0.013884991	9.242224e-05	0.005767505	6.073193e-05	0.00237471	3.701467e-05
"9"	80	3	"1e+06"	0.01212359	9.680961e-05	0.004988783	5.625343e-05	0.002047724	3.145562e-05
"10"	90	3	"1e+06"	0.010781003	8.582174e-05	0.004432392	6.232038e-05	0.001808489	3.163818e-05
"11"	100	3	"1e+06"	0.009676533	7.518594e-05	0.003966839	5.578289e-05	0.001618204	3.526947e-05
"12"	10	3	"1e+07"	0.089344122	6.74066e-05	0.06869036	6.08889e-05	0.050106447	5.926044e-05
"13"	20	3	"1e+07"	0.046974343	5.738398e-05	0.029060707	4.360127e-05	0.016876717	3.744519e-05
"14"	30	3	"1e+07"	0.031693373	4.27068e-05	0.015909952	3.633395e-05	0.007959565	2.179304e-05
"15"	40	3	"1e+07"	0.023934826	3.89184e-05	0.010798141	2.827367e-05	0.00481634	1.879599e-05
"16"	50	3	"1e+07"	0.019209502	3.001053e-05	0.008261106	2.366283e-05	0.003508624	1.524107e-05
"17"	60	3	"1e+07"	0.016067625	3.939519e-05	0.006804066	1.918748e-05	0.002825942	1.471002e-05
"18"	70	3	"1e+07"	0.013818505	2.676936e-05	0.005737725	1.711943e-05	0.002363778	1.318425e-05
"210"	10	3	"10"	0.09069963166	0.06164220466	0.06674942473	0.08256700641	0.05103661123	0.08027774241
"310"	20	3	"10"	0.054607446616	0.055807909836	0.035071748193	0.068377530881	0.021698648803	0.044563654201
"42"	30	3	"10"	0.0371370916316	0.0552325576536	0.0189365060693	0.0291521125981	0.0098725632103	0.0121590637501
"51"	40	3	"10"	0.02726191544316	0.05475823666536	0.01259471638693	0.02150169441981	0.00567662004103	0.00590527009501
"61"	50	3	"10"	0.021829199364316	0.040745405986536	0.009567862648693	0.010458560451981	0.004085235154103	0.004108100159501
"71"	60	3	"10"	0.0180064578064316	0.0267649953086536	0.0076145988948693	0.0250409624151981	0.0032124261654103	0.0032147126659501
"81"	70	3	"10"	0.0152660465506432	0.0161419003008654	0.00636656201948693	0.00810919837151981	0.00262993517654103	0.00263016382659501
"91"	80	3	"10"	0.0134980068150643	0.0212352991700865	0.00559718471194869	0.014788874467152	0.0022819968476541	0.0022820197126595
"101"	90	3	"10"	0.0120894600915064	0.0365061743670087	0.00499725522119487	0.0059164241967152	0.00203237185476541	0.00203237414126595
"111"	100	3	"10"	0.0107057427691506	0.0293434210367009	0.00441993844211949	0.00451185533967152	0.00177952597547654	0.0017795262041266
"121"	10	3	"100"	0.0908876044269151	0.0342592713336701	0.069474651874212	0.0215090874239672	0.0492785777575477	0.0223097824604127
"131"	20	3	"100"	0.0558342234826915	0.024121588013367	0.0355045608574212	0.00723749505239671	0.0213990565357548	0.0189464413860413
"141"	30	3	"100"	0.0363808235182692	0.0200579167513367	0.0196423984757421	0.00993392677523967	0.0100192917935755	0.0114266620786041
"151"	40	3	"100"	0.0270997401218269	0.0155930556251337	0.0124196386875742	0.010930932777524	0.00572813530935755	0.00708841195786041
"161"	50	3	"100"	0.0216511160321827	0.0102540131225134	0.00940472918875742	0.0077862470977524	0.00405308769093575	0.00543445063578604
"171"	60	3	"100"	0.0181715750432183	0.00889551665225134	0.00764862521887574	0.00573932850977524	0.00321639402909357	0.0051973743635786
"181"	70	3	"100"	0.0154339029743218	0.0103729832952251	0.00643662112188757	0.00768840151097752	0.00265385475290936	0.00444191460635786
"19"	80	3	"100"	0.0134962345074322	0.00720403683952251	0.00557485932218876	0.00776549418109775	0.00231099167529094	0.00306921918063579
"20"	90	3	"100"	0.0119773251007432	0.00621961975395225	0.00493016792221888	0.00580540436810978	0.00202261777752909	0.00273636032806358
"21"	100	3	"100"	0.0108212095300743	0.00970521391539523	0.00445355297222189	0.00556095103681098	0.00180099117775291	0.00491282637280636
"22"	10	3	"1000"	0.0883614852430074	0.00499335294153952	0.0666630814472222	0.0047378047536811	0.0505772618977753	0.00540915497728064
"23"	20	3	"1000"	0.0548853144243007	0.00545122883415395	0.0353645016147222	0.00665233802536811	0.0213903281097775	0.00441416275772806
"24"	30	3	"1000"	0.0363662549424301	0.00477860336341539	0.0191582625114722	0.00419177753253681	0.00991333391097775	0.00262350261577281
"25"	40	3	"1000"	0.027406633064243	0.00471382240634154	0.0124377449111472	0.00288424093325368	0.00556292776109777	0.00135433303157728
"26"	50	3	"1000"	0.0218596457064243	0.00427150342063415	0.00948990107111472	0.00174685861332537	0.00406136412610978	0.000970977673157728
"27"	60	3	"1000"	0.0180994068606424	0.00284896741206342	0.00773046998711147	0.00204902408133254	0.00321757934261098	0.00153776543731577
"28"	70	3	"1000"	0.0155019767960642	0.00339437793120634	0.00645772805871115	0.00308710960813325	0.0026639985942611	0.00119601720373158
"29"	80	3	"1000"	0.0134818588096064	0.00351685170312063	0.00559762370587111	0.00201749048081333	0.00228305303942611	0.000823925820373158
"30"	90	3	"1000"	0.0120305207809606	0.00275380819031206	0.00491103016058711	0.00133979727808133	0.00202627854394261	0.00114729806203732
"31"	100	3	"1000"	0.0106982562580961	0.00258410825903121	0.00440694927605871	0.00233088804780813	0.00178819423439426	0.00135032786620373
"32"	10	3	"1e+05"	0.0890450823258096	0.00101071390590312	0.0672796812576059	0.000799635174780812	0.0510195299334394	0.000611314156620374
"33"	20	3	"1e+05"	0.054134225162581	0.000560418580590313	0.0351617113157606	0.000454862907478081	0.0215860369733439	0.000355396555662038
"34"	30	3	"1e+05"	0.0365539286862581	0.000434923468059032	0.0192486517015761	0.000490912760747808	0.00993412520733439	0.000197101545566204
"35"	40	3	"1e+05"	0.0274299580186258	0.000289211056805903	0.0126232709801576	0.000302205406074781	0.00569470588073344	0.00014952559455662
"36"	50	3	"1e+05"	0.0218920317718626	0.00031472651568059	0.00944657706801576	0.000180633810607478	0.00402677546807334	0.000122571359455662
"37"	60	3	"1e+05"	0.0183154145071863	0.000477223561568059	0.00774239382680158	0.000234075961060748	0.00323764650680733	0.000164754295945566
"38"	70	3	"1e+05"	0.0153901696607186	0.000349103686156806	0.00645431419268016	0.000220081066106075	0.00267945314068073	0.000164141899594557
"39"	80	3	"1e+05"	0.0135898647460719	0.00038744414861568	0.00559867602926802	0.000149940456610608	0.00232567940406807	0.000131294099959456
"40"	90	3	"1e+05"	0.0119647126946072	0.000374918614861568	0.0049185720829268	0.000173020385661061	0.00204077121040681	0.000155910079995946
"41"	100	3	"1e+05"	0.0108500064894607	0.000407726961486157	0.00442475174829268	0.000110444678566106	0.00181913269104068	0.000107071557999595
