1 1 1.73046e-01 3.48096e-01
        
2 2 1.05953e-01 4.25464e-01
        
3 3 6.98373e-02 4.80147e-01
        
4 4 4.03006e-02 4.25488e-01
        
5 5 2.92202e-02 4.45007e-01
        
6 6 2.14061e-02 4.02101e-01
        
7 7 1.92471e-02 4.49163e-01
        
8 8 1.54324e-02 4.12146e-01
        
9 9 1.49876e-02 4.79603e-01
          
10 10 1.16962e-02 4.40140e-01
          
11 11 1.03029e-02 4.31185e-01
          
12 12 9.78956e-03 4.71989e-01
          
13 13 9.19318e-03 4.91730e-01
          
14 14 7.74124e-03 4.49389e-01
          
15 15 6.91297e-03 4.35032e-01
          
16 16 6.51971e-03 4.55735e-01
          
17 17 5.92734e-03 4.40752e-01
          
18 18 5.87838e-03 4.72045e-01
          
19 19 5.62001e-03 4.92730e-01
          
20 20 5.23360e-03 4.73466e-01
          
21 21 4.94644e-03 4.97701e-01
          
22 22 4.77116e-03 5.02906e-01
          
23 23 4.32833e-03 4.84823e-01
          
24 24 3.98670e-03 4.58602e-01
          
25 25 4.09572e-03 4.88256e-01
          
26 26 4.14247e-03 5.47823e-01
          
27 27 3.66402e-03 4.89243e-01
          
28 28 3.62859e-03 5.03707e-01
          
29 29 3.35246e-03 4.84662e-01
          
30 30 3.37017e-03 5.23702e-01
          
31 31 3.09359e-03 4.86350e-01
          
32 32 2.98165e-03 4.83390e-01
          
33 33 3.05582e-03 5.30682e-01
          
34 34 2.91900e-03 5.21541e-01
          
35 35 2.55858e-03 4.52494e-01
          
36 36 2.65554e-03 5.16315e-01
          
37 37 2.72203e-03 5.30612e-01
          
38 38 2.75457e-03 5.74736e-01
          
39 39 2.67720e-03 5.51214e-01
          
40 40 2.49527e-03 5.43314e-01
          
41 41 2.35372e-03 5.13304e-01
          
42 42 2.31571e-03 5.31955e-01
          
43 43 2.35155e-03 5.59442e-01
          
44 44 2.26847e-03 5.53028e-01
          
45 45 2.32368e-03 5.79672e-01
          
46 46 2.20907e-03 5.54365e-01
          
47 47 2.15824e-03 5.55329e-01
          
48 48 2.14370e-03 5.78250e-01
          
49 49 1.98423e-03 5.47242e-01
          
50 50 2.11590e-03 6.11696e-01
          
51 51 2.04042e-03 5.82224e-01
          
52 52 2.02866e-03 6.01953e-01
          
53 53 1.88791e-03 5.85814e-01
          
54 54 1.91267e-03 5.73942e-01
          
55 55 1.83925e-03 5.90283e-01
          
56 56 1.81788e-03 5.76932e-01
          
57 57 1.77921e-03 5.75891e-01
          
58 58 1.74223e-03 5.78047e-01
          
59 59 1.84633e-03 6.28472e-01
          
60 60 1.78638e-03 6.11409e-01
          
61 61 1.70789e-03 6.19280e-01
          
62 62 1.71244e-03 6.12339e-01
          
63 63 1.77061e-03 6.56737e-01
          
64 64 1.64060e-03 5.94949e-01
          
65 65 1.62162e-03 6.06720e-01
          
66 66 1.60335e-03 6.21692e-01
          
67 67 1.56512e-03 6.20293e-01
          
68 68 1.65439e-03 6.51520e-01
          
69 69 1.58074e-03 6.41093e-01
          
70 70 1.60111e-03 6.70464e-01
          
71 71 1.63004e-03 6.92112e-01
          
72 72 1.46889e-03 6.28814e-01
          
73 73 1.50108e-03 6.51795e-01
          
74 74 1.48224e-03 6.42663e-01
          
75 75 1.47991e-03 6.56943e-01
          
76 76 1.45117e-03 6.71773e-01
          
77 77 1.45333e-03 6.87779e-01
          
78 78 1.41861e-03 6.67347e-01
          
79 79 1.42634e-03 6.72917e-01
          
80 80 1.44559e-03 6.89268e-01
          
81 81 1.40034e-03 6.80344e-01
          
82 82 1.41128e-03 7.19570e-01
          
83 83 1.38540e-03 6.92687e-01
          
84 84 1.41221e-03 7.23546e-01
          
85 85 1.30954e-03 6.75395e-01
          
86 86 1.28999e-03 6.77557e-01
          
87 87 1.30486e-03 6.77294e-01
          
88 88 1.24334e-03 6.66561e-01
          
89 89 1.33265e-03 6.92240e-01
          
90 90 1.32223e-03 7.29224e-01
          
91 91 1.25130e-03 7.10353e-01
          
92 92 1.27737e-03 7.20778e-01
          
93 93 1.21791e-03 6.86057e-01
          
94 94 1.22302e-03 6.83462e-01
        
        
        
        
        
        
        
          
95 95 1.21279e-03 7.03358e-01
        
        
        
        
        
        
        
        
        
        
        
        
        
          
96 96 1.20582e-03 7.12163e-01
        
        
        
        
        
        
        
        
        
        
        
        
          
97 97 1.20703e-03 7.24789e-01
        
        
        
        
        
        
        
        
        
        
        
          
98 98 1.21992e-03 7.07872e-01
        
        
        
        
        
        
        
        
        
        
        
        
          
99 99 1.16596e-03 7.16639e-01
        
        
        
        
        
        
        
        
        
        
        
        
        
            
100 100 1.14985e-03 6.98726e-01