               
1 1 0.006016651 0.4659967

1 2 0.002222483 0.09770553

1 3 0.001732649 0.05948097

1 4 0.001076034 0.04101581

1 5 0.0007225072 0.0392397
                 
1 6 0.0006577039 0.03459287
                 
1 7 0.0004092996 0.02133605
                 
1 8 0.0003696801 0.01676824
                 
1 9 0.0002727676 0.01532301
                  
1 10 0.0002496194 0.01287313
                  
1 11 0.0002332974 0.01127283
                   
1 12 0.0001843229 0.008846141
                   
1 13 0.0001745793 0.007454019
                   
1 14 0.0001294625 0.007216639
                  
1 15 0.0001160824 0.00583847
                   
1 16 0.0001085282 0.005829488
                   
1 17 9.787728e-05 0.004724598
                   
1 18 8.972393e-05 0.004513428
                   
1 19 7.981185e-05 0.003804336
                   
1 20 7.444061e-05 0.003471214
                   
1 21 6.598295e-05 0.003542825
                   
1 22 5.738635e-05 0.003003497
                   
1 23 5.543818e-05 0.002793704
                  
1 24 5.67172e-05 0.002572967
                   
1 25 4.906608e-05 0.002504234
                  
1 26 4.434585e-05 0.00250238
                   
1 27 4.092674e-05 0.002180637
                   
1 28 3.747768e-05 0.001888806
                   
1 29 3.586847e-05 0.001775967
                   
1 30 3.290332e-05 0.001741497
                   
1 31 3.155122e-05 0.001631086
                   
1 32 2.952836e-05 0.001486376
                   
1 33 2.748274e-05 0.001442811
                  
1 34 2.638399e-05 0.00136376
                  
1 35 2.560854e-05 0.00121826
                   
1 36 2.366464e-05 0.001192495
                   
1 37 2.268891e-05 0.001101929
                   
1 38 2.055209e-05 0.001067474
                   
1 39 1.999485e-05 0.001075518
                   
1 40 1.944461e-05 0.000955917
                    
1 41 1.897823e-05 0.0009293368
                    
1 42 1.725526e-05 0.0008840774
                    
1 43 1.699039e-05 0.0008258921
                    
1 44 1.628403e-05 0.0008139129
                    
1 45 1.552592e-05 0.0007531745
                   
1 46 1.54781e-05 0.0007420129
                   
1 47 1.449938e-05 0.000704791
                    
1 48 1.385776e-05 0.0006872084
                    
1 49 1.332573e-05 0.0006644848
                    
1 50 1.237135e-05 0.0006118525