                
1 1 0.004331194 0.173724
                  
1 2 0.00202249 0.07009011
                   
1 3 0.0009796087 0.0683123
                    
1 4 0.0008389839 0.03139651
                    
1 5 0.0004487816 0.02564076
                    
1 6 0.0002982386 0.01583112
                    
1 7 0.0002415336 0.01118039
                    
1 8 0.0001579792 0.00979228
                     
1 9 0.0001223562 0.007433543
                     
1 10 0.0001023389 0.00540943
                      
1 11 8.510436e-05 0.004263887
                      
1 12 7.646834e-05 0.003332625
                      
1 13 6.265992e-05 0.003078483
                      
1 14 5.461974e-05 0.002740774
                      
1 15 4.370849e-05 0.002259226
                      
1 16 3.835394e-05 0.001796737
                      
1 17 3.392757e-05 0.001792929
                      
1 18 3.006133e-05 0.001494525
                      
1 19 2.584048e-05 0.001293064
                      
1 20 2.332875e-05 0.001206362
                      
1 21 2.111392e-05 0.001057397
                      
1 22 1.844772e-05 0.001015638
                       
1 23 1.629274e-05 0.0008664939
                       
1 24 1.581856e-05 0.0007754833
                       
1 25 1.353386e-05 0.0006582157
                       
1 26 1.285563e-05 0.0006196081
                       
1 27 1.183428e-05 0.0005810244
                       
1 28 1.114367e-05 0.0005026546
                       
1 29 1.007971e-05 0.0005195768
                      
1 30 9.33434e-06 0.0004708245