                 
1 1 0.00241959 0.2045803
                   
1 2 0.001213023 0.06591524
                    
1 3 0.0007473027 0.04831712
                    
1 4 0.0007645098 0.01770933
                    
1 5 0.0002290377 0.01483363
                     
1 6 0.0001702685 0.007377004
                     
1 7 0.0001222148 0.006750441
                     
1 8 8.313137e-05 0.005135305
                     
1 9 6.803164e-05 0.003369009
                     
1 10 5.608212e-05 0.00245651
                     
1 11 3.973761e-05 0.00195887
                      
1 12 3.087948e-05 0.001800494
                      
1 13 2.835753e-05 0.001343071
                      
1 14 2.219673e-05 0.001050168
                       
1 15 1.824407e-05 0.0008768023