         
1 1 3.04748e-01 5.42908e-01
         
2 2 1.64006e-01 4.60819e-01
         
3 3 1.20991e-01 5.01793e-01
         
4 4 7.72890e-02 4.67461e-01
         
5 5 7.59069e-02 5.34593e-01
         
6 6 5.98326e-02 4.83386e-01
         
7 7 4.90263e-02 4.74085e-01
         
8 8 5.12964e-02 5.90173e-01
         
9 9 3.98884e-02 5.07997e-01
           
10 10 3.73168e-02 5.27753e-01
           
11 11 3.13903e-02 4.96917e-01
           
12 12 2.76617e-02 4.72823e-01
           
13 13 2.74698e-02 5.01761e-01
           
14 14 2.57104e-02 5.16169e-01
           
15 15 2.44992e-02 5.20750e-01
           
16 16 2.20364e-02 4.97594e-01
           
17 17 2.08965e-02 5.06667e-01
           
18 18 2.02229e-02 5.20991e-01
           
19 19 1.88697e-02 5.13537e-01
           
20 20 1.78315e-02 5.10070e-01
           
21 21 1.67453e-02 5.01772e-01
           
22 22 1.76187e-02 5.58739e-01
           
23 23 1.55321e-02 5.17517e-01
           
24 24 1.29169e-02 4.37361e-01
           
25 25 1.44340e-02 5.19713e-01
           
26 26 1.34212e-02 4.97678e-01
           
27 27 1.20117e-02 4.57717e-01
           
28 28 1.27117e-02 5.06774e-01
           
29 29 1.23165e-02 5.08992e-01
           
30 30 1.17514e-02 5.01195e-01
           
31 31 1.10428e-02 4.82211e-01
           
32 32 1.09975e-02 4.98450e-01
           
33 33 1.10002e-02 5.16882e-01
           
34 34 9.32861e-03 4.50256e-01
           
35 35 9.33808e-03 4.68207e-01
           
36 36 1.04675e-02 5.37658e-01
           
37 37 9.46816e-03 4.98171e-01
           
38 38 9.20171e-03 4.99355e-01
           
39 39 8.67222e-03 4.79507e-01
           
40 40 9.19517e-03 5.26415e-01
           
41 41 8.99123e-03 5.27787e-01
           
42 42 9.44531e-03 5.71074e-01
           
43 43 8.31797e-03 5.10700e-01
           
44 44 7.88981e-03 4.91995e-01
           
45 45 7.60009e-03 4.86000e-01
           
46 46 7.29519e-03 4.73078e-01
           
47 47 7.38618e-03 4.92128e-01
           
48 48 7.35271e-03 5.02290e-01
           
49 49 7.38056e-03 5.15771e-01
           
50 50 7.64253e-03 5.48072e-01
           
51 51 6.47025e-03 4.66104e-01
           
52 52 6.95969e-03 5.19840e-01
           
53 53 6.50746e-03 4.93509e-01
           
54 54 6.09438e-03 4.65965e-01
           
55 55 6.63809e-03 5.22474e-01
           
56 56 6.00098e-03 4.75439e-01
           
57 57 5.79192e-03 4.69487e-01
           
58 58 6.22085e-03 5.11357e-01
           
59 59 6.32741e-03 5.38117e-01
           
60 60 5.99635e-03 5.14021e-01
           
61 61 5.74959e-03 4.97337e-01
           
62 62 5.65090e-03 4.96363e-01
           
63 63 5.34665e-03 4.77353e-01
           
64 64 5.46940e-03 4.99358e-01
           
65 65 5.13818e-03 4.74707e-01
           
66 66 5.73658e-03 5.38960e-01
           
67 67 5.57295e-03 5.33596e-01
           
68 68 5.45862e-03 5.28324e-01
           
69 69 5.27772e-03 5.21133e-01
           
70 70 4.82157e-03 4.79252e-01
           
71 71 4.75750e-03 4.78679e-01
           
72 72 4.84658e-03 4.96413e-01
           
73 73 4.49177e-03 4.64939e-01
           
74 74 4.84542e-03 5.13836e-01
           
75 75 4.72360e-03 5.05693e-01
           
76 76 4.35368e-03 4.69474e-01
           
77 77 4.61651e-03 5.03848e-01
           
78 78 4.24647e-03 4.69364e-01
           
79 79 4.52809e-03 5.09373e-01
           
80 80 4.08625e-03 4.60341e-01
           
81 81 4.05787e-03 4.63385e-01
           
82 82 4.52213e-03 5.28254e-01
           
83 83 4.25636e-03 5.04707e-01
           
84 84 4.39585e-03 5.30492e-01
           
85 85 4.09626e-03 4.92494e-01
           
86 86 4.19897e-03 5.15089e-01
           
87 87 3.94532e-03 4.88928e-01
           
88 88 3.99480e-03 5.03786e-01
           
89 89 3.97040e-03 5.04761e-01
           
90 90 3.73683e-03 4.79116e-01
           
91 91 3.89039e-03 5.04715e-01
           
92 92 3.98019e-03 5.23972e-01
           
93 93 3.82519e-03 5.09493e-01
           
94 94 3.63699e-03 4.86629e-01
           
95 95 3.78842e-03 5.11512e-01
           
96 96 3.74271e-03 5.12387e-01
           
97 97 3.64063e-03 5.01420e-01
           
98 98 3.51573e-03 4.90227e-01
           
99 99 3.47949e-03 4.87330e-01
             
100 100 3.36255e-03 4.79394e-01