         
1 1 2.11780e-01 4.13117e-01
         
2 2 1.31259e-01 5.06613e-01
         
3 3 6.80027e-02 4.44082e-01
         
4 4 4.80259e-02 4.63025e-01
         
5 5 3.00331e-02 4.12071e-01
         
6 6 2.65273e-02 4.44019e-01
         
7 7 2.24419e-02 4.68823e-01
         
8 8 1.53583e-02 3.82706e-01
         
9 9 1.47062e-02 4.49987e-01
           
10 10 1.17432e-02 4.25118e-01
           
11 11 1.00418e-02 4.16903e-01
           
12 12 9.88620e-03 4.68505e-01
           
13 13 7.72808e-03 4.19480e-01
           
14 14 6.54807e-03 3.96132e-01
           
15 15 6.38511e-03 4.35714e-01
           
16 16 6.00377e-03 4.50980e-01
           
17 17 5.32341e-03 4.35265e-01
           
18 18 4.74011e-03 4.21335e-01
           
19 19 4.85967e-03 4.72909e-01
           
20 20 4.43445e-03 4.67136e-01
           
21 21 3.46013e-03 3.86254e-01
           
22 22 3.41142e-03 4.13388e-01
           
23 23 3.46530e-03 4.44327e-01
           
24 24 3.33782e-03 4.56907e-01
           
25 25 2.89804e-03 4.26803e-01
           
26 26 2.81731e-03 4.32279e-01
           
27 27 2.84263e-03 4.65432e-01
           
28 28 2.68075e-03 4.64268e-01
           
29 29 2.43704e-03 4.44931e-01
           
30 30 2.32709e-03 4.41124e-01
           
31 31 2.03424e-03 4.07070e-01
           
32 32 2.21014e-03 4.65081e-01
           
33 33 1.95074e-03 4.33043e-01
           
34 34 1.94763e-03 4.55738e-01
           
35 35 1.80174e-03 4.30762e-01
           
36 36 1.72002e-03 4.28948e-01
           
37 37 1.65610e-03 4.34418e-01
           
38 38 1.51575e-03 4.11435e-01
           
39 39 1.49860e-03 4.21896e-01
           
40 40 1.43552e-03 4.18100e-01
           
41 41 1.39904e-03 4.23140e-01
           
42 42 1.38005e-03 4.37423e-01
           
43 43 1.33716e-03 4.36828e-01
           
44 44 1.28325e-03 4.28095e-01
           
45 45 1.21704e-03 4.22648e-01
           
46 46 1.08892e-03 3.88132e-01
           
47 47 1.14466e-03 4.24758e-01
           
48 48 1.11471e-03 4.26201e-01
           
49 49 1.13686e-03 4.50949e-01
           
50 50 1.12975e-03 4.62091e-01
           
51 51 1.05576e-03 4.43388e-01
           
52 52 9.91481e-04 4.28317e-01
           
53 53 9.40061e-04 4.16279e-01
           
54 54 1.00306e-03 4.54081e-01
           
55 55 8.38193e-04 3.89784e-01
           
56 56 1.00090e-03 4.86792e-01
           
57 57 8.46608e-04 4.17323e-01
           
58 58 9.91446e-04 5.07199e-01
           
59 59 7.11509e-04 3.63401e-01
           
60 60 7.57921e-04 4.03784e-01
           
61 61 7.31996e-04 4.00018e-01
           
62 62 7.43044e-04 4.15996e-01
           
63 63 8.33673e-04 4.78403e-01
           
64 64 6.95647e-04 4.10113e-01
           
65 65 6.90551e-04 4.12340e-01
           
66 66 6.64498e-04 4.09768e-01
           
67 67 7.03011e-04 4.41752e-01
           
68 68 6.60267e-04 4.22477e-01
           
69 69 6.91933e-04 4.54811e-01
           
70 70 6.20144e-04 4.18820e-01
           
71 71 5.59978e-04 3.84021e-01
           
72 72 5.93302e-04 4.15594e-01
           
73 73 6.32812e-04 4.52981e-01
           
74 74 5.76622e-04 4.23521e-01
           
75 75 6.03063e-04 4.52276e-01
           
76 76 5.26709e-04 3.96429e-01
           
77 77 5.33398e-04 4.14433e-01
           
78 78 4.87912e-04 3.86703e-01
           
79 79 5.51466e-04 4.45001e-01
           
80 80 4.76323e-04 3.87948e-01
           
81 81 4.71481e-04 3.94137e-01
           
82 82 4.78628e-04 4.05020e-01
           
83 83 4.47875e-04 3.84499e-01