         
1 1 2.55894e-01 6.58287e-01
         
2 2 1.05729e-01 5.75564e-01
         
3 3 5.43908e-02 5.67582e-01
         
4 4 3.28265e-02 5.60109e-01
         
5 5 2.23434e-02 5.74677e-01
         
6 6 1.48305e-02 5.44378e-01
         
7 7 1.13072e-02 5.23004e-01
         
8 8 1.06572e-02 6.07221e-01
         
9 9 7.91178e-03 5.63208e-01
           
10 10 6.09958e-03 5.50487e-01
           
11 11 5.30163e-03 5.69178e-01
           
12 12 4.28165e-03 5.51965e-01
           
13 13 3.92645e-03 5.90307e-01
           
14 14 3.27668e-03 5.61235e-01
           
15 15 2.88340e-03 5.70477e-01
           
16 16 2.47217e-03 5.56865e-01
           
17 17 2.20692e-03 5.60225e-01
           
18 18 1.91244e-03 5.49102e-01
           
19 19 1.84694e-03 5.91221e-01
           
20 20 1.72089e-03 6.07889e-01
           
21 21 1.48470e-03 5.78358e-01
           
22 22 1.41009e-03 6.05221e-01
           
23 23 1.12974e-03 5.25130e-01
           
24 24 1.11615e-03 5.69229e-01
           
25 25 1.02492e-03 5.64681e-01
           
26 26 9.40968e-04 5.59975e-01
           
27 27 9.26254e-04 5.92364e-01
           
28 28 8.93429e-04 6.18356e-01
           
29 29 8.34830e-04 6.13794e-01
           
30 30 7.36882e-04 5.76833e-01
           
31 31 6.96207e-04 5.86053e-01
           
32 32 6.88160e-04 6.16412e-01
           
33 33 6.01445e-04 5.70825e-01
           
34 34 5.66146e-04 5.67980e-01
           
35 35 5.06894e-04 5.42715e-01
           
36 36 5.34616e-04 6.03234e-01
           
37 37 5.04886e-04 5.95245e-01
           
38 38 4.75065e-04 5.91664e-01
           
39 39 4.37007e-04 5.71884e-01
           
40 40 4.39123e-04 6.08170e-01
           
41 41 4.13662e-04 5.97155e-01
           
42 42 3.52765e-04 5.36805e-01
           
43 43 3.52042e-04 5.60900e-01