          
1 1 2.13167e-01 6.40145e-01
         
2 2 8.16828e-02 5.84045e-01
         
3 3 3.91541e-02 5.84212e-01
         
4 4 1.97675e-02 5.27295e-01
         
5 5 1.24231e-02 5.48576e-01
         
6 6 7.57501e-03 5.04568e-01
         
7 7 5.77188e-03 5.28492e-01
         
8 8 4.46250e-03 5.28849e-01
         
9 9 3.42481e-03 5.18601e-01
           
10 10 2.64559e-03 5.10631e-01
           
11 11 2.16596e-03 5.23282e-01
           
12 12 1.64134e-03 4.92317e-01
           
13 13 1.38504e-03 5.01975e-01
           
14 14 1.17004e-03 5.21140e-01
           
15 15 1.03688e-03 5.35913e-01
           
16 16 9.29817e-04 5.65208e-01
           
17 17 7.21978e-04 5.08639e-01
           
18 18 5.79826e-04 4.70019e-01
           
19 19 5.94592e-04 5.47086e-01
           
20 20 5.32633e-04 5.61007e-01
           
21 21 4.61802e-04 5.54657e-01
           
22 22 3.95967e-04 5.40186e-01
           
23 23 3.77323e-04 5.62373e-01
           
24 24 3.26313e-04 5.35333e-01
           
25 25 2.99782e-04 5.51029e-01
           
26 26 2.47449e-04 5.01832e-01