         
1 1 2.07965e-01 7.32040e-01
         
2 2 7.05400e-02 6.72223e-01
         
3 3 3.13785e-02 6.50193e-01
         
4 4 1.39788e-02 6.07676e-01
         
5 5 7.90244e-03 6.07754e-01
         
6 6 4.84649e-03 5.80404e-01
         
7 7 3.39937e-03 5.82799e-01
         
8 8 2.34065e-03 5.85133e-01
         
9 9 1.72451e-03 5.48582e-01
           
10 10 1.32421e-03 5.48521e-01
           
11 11 1.07364e-03 5.75834e-01
           
12 12 8.35210e-04 5.63614e-01
           
13 13 6.50988e-04 5.60707e-01
           
14 14 5.54603e-04 5.93307e-01
           
15 15 4.54710e-04 5.87208e-01
           
16 16 3.88264e-04 6.09504e-01