                  
1 10 0.4260027 0.01177623

1 20 0.4362593 0.004166502

1 30 0.4498343 0.002356496

1 40 0.4401221 0.001505909

1 50 0.4312875 0.001057742
                    
1 60 0.4345545 0.0008129334

1 70 0.4230541 0.000630004
                    
1 80 0.4376208 0.0005328243
                    
1 90 0.4135581 0.0004237024
                     
1 100 0.4037304 0.0003535544
                  
1 10 0.4339781 0.01192182

1 20 0.4613704 0.004402895

1 30 0.4434373 0.002312666

1 40 0.4297734 0.001470906

1 50 0.4391651 0.001083551
                    
1 60 0.4282602 0.0008017457
                    
1 70 0.4250411 0.0006326313
                    
1 80 0.4306908 0.0005249286
                  
1 90 0.44388 0.0004549032
                     
1 100 0.4120834 0.0003606405
                  
1 10 0.4301534 0.01188499

1 20 0.4315652 0.004155728

1 30 0.4535888 0.002369121

1 40 0.4394308 0.001502619
                  
1 50 0.4330425 0.00106384

1 60 0.4190637 0.000786678
                  
1 70 0.4095811 0.00061324
                    
1 80 0.4103606 0.0005024027
                    
1 90 0.4246731 0.0004352268
                     
1 100 0.4259535 0.0003721921
                  
1 10 0.4262563 0.01173617
                  
1 20 0.4473744 0.00428333

1 30 0.4330107 0.002261397

1 40 0.4349633 0.001488748
                  
1 50 0.432468 0.001061624
                    
1 60 0.4335677 0.0008134063

1 70 0.4197554 0.000623096
                    
1 80 0.4275444 0.0005203261
                    
1 90 0.4298844 0.0004410451
                     
1 100 0.4243994 0.0003698715
                  
1 10 0.4458006 0.01220001
                  
1 20 0.454042 0.004367937

1 30 0.4341798 0.002266094

1 40 0.4423367 0.001515222

1 50 0.4437171 0.001090442
                    
1 60 0.4341179 0.0008124664
                    
1 70 0.4226501 0.0006304137
                    
1 80 0.4234045 0.0005157096
                    
1 90 0.4468651 0.0004558194
                     
1 100 0.4427449 0.0003864068