         
1 1 4.09005e-01
         
2 2 2.18755e-01
         
3 3 1.43082e-01
         
4 4 1.02947e-01
         
5 5 7.95824e-02
         
6 6 6.22210e-02
         
7 7 5.14414e-02
         
8 8 4.30815e-02
         
9 9 3.67152e-02
           
10 10 3.22098e-02
           
11 11 2.80035e-02
           
12 12 2.50048e-02
           
13 13 2.25664e-02
           
14 14 2.04651e-02
           
15 15 1.84077e-02
           
16 16 1.69226e-02
           
17 17 1.54340e-02
           
18 18 1.41076e-02
           
19 19 1.32340e-02
           
20 20 1.23413e-02
           
21 21 1.14546e-02
           
22 22 1.07393e-02
           
23 23 1.00583e-02
           
24 24 9.43025e-03
           
25 25 8.92208e-03
           
26 26 8.43561e-03
           
27 27 7.96753e-03
           
28 28 7.61597e-03
           
29 29 7.20677e-03
           
30 30 6.88283e-03
           
31 31 6.56538e-03
           
32 32 6.24465e-03
           
33 33 6.01092e-03
           
34 34 5.73854e-03
           
35 35 5.52274e-03
           
36 36 5.27626e-03
           
37 37 5.07482e-03
           
38 38 4.88831e-03
           
39 39 4.69807e-03
           
40 40 4.53062e-03
           
41 41 4.36079e-03
           
42 42 4.23105e-03
           
43 43 4.07759e-03
           
44 44 3.93588e-03
           
45 45 3.82475e-03
           
46 46 3.70292e-03
           
47 47 3.58235e-03
           
48 48 3.45489e-03
           
49 49 3.35651e-03
           
50 50 3.28468e-03
           
51 51 3.16974e-03
           
52 52 3.07565e-03
           
53 53 3.00926e-03
           
54 54 2.92946e-03
           
55 55 2.85332e-03
           
56 56 2.78128e-03
           
57 57 2.70793e-03
           
58 58 2.63041e-03
           
59 59 2.57448e-03
           
60 60 2.50236e-03
           
61 61 2.43895e-03
           
62 62 2.38390e-03
           
63 63 2.32998e-03
           
64 64 2.27894e-03
           
65 65 2.22477e-03
           
66 66 2.17467e-03
           
67 67 2.12232e-03
           
68 68 2.08320e-03
           
69 69 2.03661e-03
           
70 70 2.00221e-03
           
71 71 1.95092e-03
           
72 72 1.91109e-03
           
73 73 1.87517e-03
           
74 74 1.83613e-03
           
75 75 1.80323e-03
           
76 76 1.76455e-03
           
77 77 1.73792e-03
           
78 78 1.69663e-03
           
79 79 1.66831e-03
           
80 80 1.63363e-03
           
81 81 1.60931e-03
           
82 82 1.57971e-03
           
83 83 1.55009e-03
           
84 84 1.52446e-03
           
85 85 1.49549e-03
           
86 86 1.47209e-03
           
87 87 1.44917e-03
           
88 88 1.42139e-03
           
89 89 1.39973e-03
           
90 90 1.37527e-03
           
91 91 1.35297e-03
           
92 92 1.33340e-03
           
93 93 1.31046e-03
           
94 94 1.28880e-03
           
95 95 1.26954e-03
           
96 96 1.25067e-03
           
97 97 1.23312e-03
           
98 98 1.21285e-03
           
99 99 1.19551e-03
             
100 100 1.17915e-03