         
1 1 2.93508e-01
         
2 2 1.21432e-01
         
3 3 5.92503e-02
         
4 4 3.43622e-02
         
5 5 2.28593e-02
         
6 6 1.65792e-02
         
7 7 1.19404e-02
         
8 8 9.03132e-03
         
9 9 6.83981e-03
           
10 10 5.55935e-03
           
11 11 4.52338e-03
           
12 12 3.79472e-03
           
13 13 3.13184e-03
           
14 14 2.66947e-03
           
15 15 2.29033e-03
           
16 16 1.98318e-03
           
17 17 1.71372e-03
           
18 18 1.50587e-03
           
19 19 1.33036e-03
           
20 20 1.18082e-03
           
21 21 1.05861e-03
           
22 22 9.50966e-04
           
23 23 8.54313e-04
           
24 24 7.79018e-04
           
25 25 7.06225e-04
           
26 26 6.42510e-04
           
27 27 5.88524e-04
           
28 28 5.36551e-04
           
29 29 4.96282e-04