
1 1 3.28470e-01
         
2 2 1.63094e-01
         
3 3 9.02468e-02
         
4 4 5.67908e-02
         
5 5 4.25876e-02
         
6 6 3.12336e-02
         
7 7 2.36865e-02
         
8 8 1.88587e-02
         
9 9 1.54046e-02
           
10 10 1.28315e-02
           
11 11 1.08351e-02
           
12 12 9.33339e-03
           
13 13 8.02491e-03
           
14 14 6.98113e-03
           
15 15 6.20719e-03
           
16 16 5.49890e-03
           
17 17 4.93848e-03
           
18 18 4.44550e-03
           
19 19 4.04328e-03
           
20 20 3.64220e-03
           
21 21 3.33642e-03
           
22 22 3.03653e-03
           
23 23 2.81956e-03
           
24 24 2.59970e-03
           
25 25 2.39287e-03
           
26 26 2.22645e-03
           
27 27 2.08333e-03
           
28 28 1.93279e-03
           
29 29 1.80371e-03
           
30 30 1.69784e-03
           
31 31 1.58661e-03
           
32 32 1.50021e-03
           
33 33 1.40656e-03
           
34 34 1.33114e-03
           
35 35 1.26405e-03
           
36 36 1.19431e-03
           
37 37 1.12934e-03
           
38 38 1.07945e-03
           
39 39 1.02313e-03
           
40 40 9.76909e-04
           
41 41 9.31629e-04
           
42 42 8.85123e-04
           
43 43 8.48718e-04
           
44 44 8.10957e-04
           
45 45 7.76725e-04
           
46 46 7.45161e-04
           
47 47 7.13010e-04
           
48 48 6.85826e-04
           
49 49 6.58534e-04
           
50 50 6.34949e-04
           
51 51 6.07292e-04
           
52 52 5.88254e-04
           
53 53 5.65501e-04
           
54 54 5.43835e-04
           
55 55 5.26284e-04
           
56 56 5.06875e-04