1 1 1.48158e-01 5.23669e-01
2 2 5.00982e-02 5.93802e-01
3 3 1.92801e-02 5.85405e-01
4 4 8.78817e-03 5.78135e-01
5 5 4.89920e-03 6.00192e-01
6 6 3.19126e-03 6.51971e-01
7 7 2.21911e-03 6.89238e-01
8 8 1.67447e-03 7.64607e-01
9 9 1.30562e-03 8.56856e-01
10 10 1.13416e-03 9.75954e-01
                                                                                                                                                                                                                                                                                                                                                                                                                                                                                                                                                                                                                                                                                                                                                                                                                                                                                                                                                                                                                                                                                                                                                                                                                                                                                                                                                                                                                                                                                                                                                                                                                                                                                                                                                                                                                                                                                                                                                                                                                                                                                                                                                                                                                                                                                                                                                                                                                                                                                                                                                                                                                                                                                                                                                                                                                                                                                                                                                                                                                                                                                                                                                                                                                                                                                                                                                                                                                                                                                                                                                                                                                                                                                                                                                                                             
           11 11 9.67955e-04 1.10276e+00
