1 1 1.59822e-01 5.69113e-01
         
2 2 5.61634e-02 5.70659e-01
         
3 3 2.45045e-02 5.81678e-01
         
4 4 1.39900e-02 6.38444e-01
         
5 5 7.98261e-03 6.28533e-01
         
6 6 5.35490e-03 6.58415e-01
         
7 7 3.54167e-03 6.31796e-01
         
8 8 2.88486e-03 7.26764e-01
         
9 9 2.26764e-03 7.79827e-01
           
10 10 1.82003e-03 8.11100e-01
           
11 11 1.56676e-03 8.80716e-01
           
12 12 1.36788e-03 9.55858e-01
                                                                                                                                                                                               
13 13 1.23687e-03 1.02701e+00
                                                                                                                                                                                                                                                                                                                                                                                                                                                                                                                                                                                                                                                                                                                                                                                                                                                                                                                                                                                                                                                                                                                                                                                                                                                                                                                                                                                               
14 14 1.10186e-03 1.07292e+00
                                                                                                                                                                                                                                                                                                                                                                                                                                                                                                                                                                                                                                                                                                                                                                                                                                                                                                                                                                                                                                                                                                                                                                                                                                                                                                                                                                                                                                                                                                                                                                                                                                                                                                                                                                                                                                                                                                                                                                                                                                                                                                                                                                                                                                                                    
15 15 9.74862e-04 1.12236e+00
                                                                                                                                                                                                                                                                                                                                                                                                                                                                                                                                                                                                                                                                                                                                                                                                                                                                                                                                                                                                                                                                                                                                                                                                                                                                                                                                                                                                                                                                                                                                                      
16 16 8.98337e-04 1.17757e+00
