1 1 2.31409e-01 4.62818e-01
        
2 2 1.71561e-01 5.46341e-01
        
3 3 1.01729e-01 4.73352e-01
        
4 4 7.85159e-02 5.15767e-01
        
5 5 5.27044e-02 4.15603e-01
        
6 6 5.27247e-02 4.66909e-01
        
7 7 5.20658e-02 5.38693e-01
        
8 8 3.97923e-02 4.59947e-01
        
9 9 3.67072e-02 4.66549e-01
        
10 10 3.74711e-02 5.33326e-01
        
11 11 3.41780e-02 5.46062e-01
        
12 12 3.05714e-02 5.26429e-01
        
13 13 2.81305e-02 5.24176e-01
        
14 14 2.68992e-02 5.31228e-01
        
15 15 2.36422e-02 4.89075e-01
        
16 16 2.00285e-02 4.38490e-01
        
17 17 2.20721e-02 5.20111e-01
        
18 18 2.24002e-02 5.57333e-01
        
19 19 1.89081e-02 4.94894e-01
        
20 20 1.94249e-02 5.36097e-01
        
21 21 1.73555e-02 4.81656e-01
        
22 22 1.78645e-02 5.40484e-01
        
23 23 1.65157e-02 5.04830e-01
        
24 24 1.41356e-02 4.45435e-01
        
25 25 1.64191e-02 5.65294e-01
        
26 26 1.42687e-02 4.93728e-01
        
27 27 1.36755e-02 4.83714e-01
        
28 28 1.42537e-02 5.36264e-01
        
29 29 1.40916e-02 5.48437e-01
        
30 30 1.21954e-02 4.71434e-01
        
31 31 1.26517e-02 5.13689e-01
        
32 32 1.21074e-02 4.95252e-01
        
33 33 1.17596e-02 4.99050e-01
        
34 34 1.13773e-02 4.98058e-01
        
35 35 1.07131e-02 4.76557e-01
        
36 36 1.15571e-02 5.36172e-01
        
37 37 1.05915e-02 4.98393e-01
        
38 38 1.13665e-02 5.59952e-01
        
39 39 1.02033e-02 5.03478e-01
        
40 40 1.01064e-02 5.17969e-01
        
41 41 1.00941e-02 5.24744e-01
        
42 42 9.70105e-03 5.20918e-01
        
43 43 9.42517e-03 5.16139e-01
        
44 44 1.05889e-02 5.93514e-01
        
45 45 9.78876e-03 5.50808e-01
        
46 46 9.48927e-03 5.52376e-01
        
47 47 8.40969e-03 4.91344e-01
        
48 48 8.74463e-03 5.06050e-01
        
49 49 8.01486e-03 4.84230e-01
        
50 50 8.70748e-03 5.36686e-01
        
51 51 8.38036e-03 5.12616e-01
        
52 52 8.60080e-03 5.42794e-01
        
53 53 8.31149e-03 5.50903e-01
        
54 54 7.65592e-03 4.94068e-01
        
55 55 8.85163e-03 6.13994e-01
        
56 56 8.25774e-03 5.62957e-01
        
57 57 7.68055e-03 5.25763e-01
        
58 58 7.46382e-03 5.10913e-01
        
59 59 7.80644e-03 5.68721e-01
        
60 60 7.69475e-03 5.62220e-01
        
61 61 7.30617e-03 5.26667e-01
        
62 62 6.51141e-03 4.65325e-01
        
63 63 6.96142e-03 5.20357e-01
        
64 64 7.26117e-03 5.60832e-01
        
65 65 6.71916e-03 5.15388e-01
        
66 66 6.78727e-03 5.21239e-01
        
67 67 6.15536e-03 4.82436e-01
        
68 68 6.65843e-03 5.25376e-01
        
69 69 6.38975e-03 5.10603e-01
        
70 70 6.59579e-03 5.35926e-01
        
71 71 6.66105e-03 5.52888e-01
        
72 72 6.44865e-03 5.41792e-01
        
73 73 6.72403e-03 5.85395e-01
        
74 74 6.30307e-03 5.37810e-01
        
75 75 6.24820e-03 5.47996e-01
        
76 76 6.16402e-03 5.47544e-01
        
77 77 6.21959e-03 5.49406e-01
        
78 78 5.91698e-03 5.40234e-01
        
79 79 5.91683e-03 5.28003e-01
        
80 80 5.59017e-03 5.13199e-01
        
81 81 5.40450e-03 4.83101e-01
        
82 82 5.80250e-03 5.38392e-01
        
83 83 6.01727e-03 5.74465e-01
        
84 84 5.78667e-03 5.55383e-01
        
85 85 5.16868e-03 4.78415e-01
        
86 86 5.37024e-03 5.03441e-01
        
87 87 5.42592e-03 5.33062e-01
        
88 88 5.05627e-03 4.96926e-01
        
89 89 5.45932e-03 5.37211e-01
        
90 90 5.44604e-03 5.55436e-01
        
91 91 4.99434e-03 4.87499e-01
        
92 92 5.00611e-03 5.07971e-01
        
93 93 5.39080e-03 5.58440e-01
        
94 94 5.13166e-03 5.25715e-01
        
95 95 5.00914e-03 5.13469e-01
        
96 96 4.86092e-03 4.96465e-01
        
97 97 5.59424e-03 6.20705e-01
        
98 98 5.32743e-03 5.86791e-01
        
99 99 4.97056e-03 5.24936e-01
          
100 100 4.71630e-03 5.01801e-01