1 1 1.89347e-01 5.47054e-01
        
2 2 9.71225e-02 5.69991e-01
        
3 3 5.19403e-02 6.09754e-01
        
4 4 3.21927e-02 6.27640e-01
        
5 5 1.85993e-02 5.33137e-01
        
6 6 1.54143e-02 6.05491e-01
        
7 7 1.21465e-02 6.20383e-01
        
8 8 9.46170e-03 5.95203e-01
        
9 9 8.13073e-03 6.15254e-01
          
10 10 6.61675e-03 6.10139e-01
          
11 11 6.18708e-03 6.56479e-01
          
12 12 5.05329e-03 6.35017e-01
          
13 13 4.30596e-03 6.28025e-01
          
14 14 3.95690e-03 6.59473e-01
          
15 15 3.63810e-03 6.78621e-01
          
16 16 3.20728e-03 6.51423e-01
          
17 17 2.94486e-03 6.79415e-01
          
18 18 2.74753e-03 7.01393e-01
          
19 19 2.57152e-03 7.05267e-01
          
20 20 2.45516e-03 7.33874e-01
          
21 21 2.29764e-03 7.50357e-01
          
22 22 2.06414e-03 7.17989e-01
          
23 23 1.99333e-03 7.57765e-01
          
24 24 1.93849e-03 7.64419e-01
          
25 25 1.80806e-03 7.67402e-01
          
26 26 1.76069e-03 8.25479e-01
          
27 27 1.59442e-03 7.73993e-01
          
28 28 1.51505e-03 7.91674e-01
          
29 29 1.52759e-03 8.29188e-01
          
30 30 1.45618e-03 8.47881e-01
          
31 31 1.39795e-03 8.57906e-01
          
32 32 1.34017e-03 8.53511e-01
          
33 33 1.29720e-03 8.52542e-01
          
34 34 1.31448e-03 8.99618e-01
          
35 35 1.21748e-03 8.77701e-01
          
36 36 1.20894e-03 8.96631e-01
          
37 37 1.18435e-03 9.21003e-01
          
38 38 1.11687e-03 9.18037e-01                                                                                
          
39 39 1.15685e-03 9.57842e-01                                                                                                                                                                                                                                                                        
          
40 40 1.10937e-03 9.48809e-01                                                                                                                                                                                                                                                                                                
          
41 41 1.06994e-03 9.75482e-01                                                                                                                                                                                                                                                                                                                        
          
42 42 1.03293e-03 9.59594e-01                                                                                                                                                                                                                                                                                                                                                                        
          
43 43 1.02818e-03 1.00203e+00                                                                                                                                                                                                                                                                                                                                                                                                                
          
44 44 9.98788e-04 1.00565e+00                                                                                                                                                                                                                                                                                                                                                                                                                                                                                
          
45 45 9.33030e-04 9.70640e-01                                                                                                                                                                                                                                                                                                                                                                                                                                                                                                                
          
46 46 9.55371e-04 1.00835e+00                                                                                                                                                                                                                                                                                                                                                                                                                                                                                                                                                                        
          
47 47 9.56325e-04 1.04164e+00                                                                                                                                                                                                                                                                                                                                                                                                                                                                                                                                                                                                
          
48 48 9.15784e-04 1.04136e+00                                                                                                                                                                                                                                                                                                                                                                                                                                                                                                                                                                                                                                                                
          
49 49 8.98498e-04 1.04560e+00                                                                                                                                                                        
          
50 50 8.79707e-04 1.05621e+00
          
51 51 8.68412e-04 1.06335e+00