1 1 0.3064774

1 2 0.1920815

1 3 0.1658621

1 4 0.1467782

1 5 0.1286468

1 6 0.1169359

1 7 0.1043909

1 8 0.09357504

1 9 0.08524822

1 10 0.07999343
 
1 11 0.0737455

1 12 0.06875391

1 13 0.06375472

1 14 0.05909793

1 15 0.05626361

1 16 0.05372007

1 17 0.05051695

1 18 0.04796916

1 19 0.04565307

1 20 0.04333126

1 21 0.04195928

1 22 0.04017129

1 23 0.03868002
 
1 24 0.0371153
 
1 25 0.0356805
 
1 26 0.0345357

1 27 0.03313475

1 28 0.03208986

1 29 0.03125283

1 30 0.03039208

1 31 0.02913332

1 32 0.02849622

1 33 0.02772948

1 34 0.02677629

1 35 0.02614338

1 36 0.02524595

1 37 0.02481844

1 38 0.02421582

1 39 0.02359526

1 40 0.02294593
 
1 41 0.0225526

1 42 0.02203522

1 43 0.02142332

1 44 0.02110737

1 45 0.02059246

1 46 0.02023199

1 47 0.01978271

1 48 0.01938622

1 49 0.01892796

1 50 0.01869435

1 51 0.01832043

1 52 0.01786505

1 53 0.01762029

1 54 0.01734525

1 55 0.01701024

1 56 0.01668885

1 57 0.01634364

1 58 0.01611631

1 59 0.01587421

1 60 0.01559659

1 61 0.01535757

1 62 0.01511881

1 63 0.01493332

1 64 0.01467523

1 65 0.01444087

1 66 0.01423964

1 67 0.01400817

1 68 0.01381983
 
1 69 0.0136056
 
1 70 0.0134369
 
1 71 0.0132666

1 72 0.01306224

1 73 0.01289678
 
1 74 0.0127632

1 75 0.01255329
 
1 76 0.0123564

1 77 0.01223354
 
1 78 0.0120871

1 79 0.01194432

1 80 0.01177371

1 81 0.01165868

1 82 0.01151329

1 83 0.01137624
 
1 84 0.0112837

1 85 0.01108153
 
1 86 0.0109968

1 87 0.01087515

1 88 0.01077123

1 89 0.01060449

1 90 0.01049817

1 91 0.01040859

1 92 0.01030771

1 93 0.01018346

1 94 0.01009288

1 95 0.009961495

1 96 0.009878298

1 97 0.009812303

1 98 0.009705152

1 99 0.009579972
 
1 100 0.009493684