         1 1 2.86725e+00 7.00697e+00
         2 2 1.47874e-01 9.93047e-01
         3 3 3.95827e-02 7.41803e-01
         4 4 1.73028e-02 6.64979e-01
         5 5 1.15252e-02 6.67339e-01
         6 6 8.01765e-03 6.65625e-01
         7 7 5.56668e-03 6.41831e-01
         8 8 3.84692e-03 6.31698e-01
         9 9 2.81279e-03 6.47293e-01
           10 10 2.00868e-03 6.31041e-01
           11 11 1.40960e-03 6.03723e-01
           12 12 1.16003e-03 6.45453e-01
           13 13 8.30370e-04 5.81318e-01
           14 14 6.66476e-04 5.97085e-01
           15 15 5.19069e-04 5.63206e-01
         16 16 4.37872e-04 5.71897e-01
                                                                                                                                                                                                                                                                                                                                                                                                                                                                                                                                                                                                                                                                                                                                                                                                                                                                                                                                                                                                                                                                                                                                                                                                                                                                                                                                                                                                                                                                                                                                                                                                                                                                                                                                                                                                                                                                                                                                                                                                                                                                                                                                                                          17 17 3.75940e-04 6.00805e-01
                                                                                                                                                                                                                                                                                                                                                                                                                                                                                                                                                                                                                                                                                                                                                                                                                                                                                                                                                                                                                                                                                                      
18 18 3.40931e-04 6.38960e-01
