1 1 6.99453e-01 1.36131e+00
         
2 2 1.45375e-01 5.77518e-01
         
3 3 7.98238e-02 5.22706e-01
         
4 4 4.90677e-02 4.74287e-01
         
5 5 3.54900e-02 4.52756e-01
         
6 6 2.66841e-02 4.48706e-01
         
7 7 2.05552e-02 4.28323e-01
         
8 8 1.85520e-02 4.65158e-01
         
9 9 1.42307e-02 4.39372e-01
         
10 10 1.23950e-02 4.61864e-01
         
11 11 1.06154e-02 4.50184e-01
         
12 12 9.50805e-03 4.50862e-01
         
13 13 8.67970e-03 4.72800e-01
         
14 14 6.70017e-03 4.07542e-01
         
15 15 7.01207e-03 4.75473e-01
         
16 16 5.90149e-03 4.46122e-01
         
17 17 5.06899e-03 4.07979e-01
         
18 18 4.45628e-03 4.00176e-01
         
19 19 4.66063e-03 4.53989e-01
         
20 20 4.18661e-03 4.43629e-01
         
21 21 3.96103e-03 4.52086e-01
         
22 22 3.29410e-03 3.92997e-01
         
23 23 3.33238e-03 4.31213e-01
         
24 24 3.06506e-03 4.23401e-01
         
25 25 3.13226e-03 4.60742e-01
         
26 26 2.59107e-03 4.00871e-01
         
27 27 2.44509e-03 4.04080e-01
         
28 28 2.67945e-03 4.65887e-01
         
29 29 2.47204e-03 4.48070e-01
         
30 30 2.22074e-03 4.26612e-01
         
31 31 2.16501e-03 4.35337e-01
         
32 32 2.03897e-03 4.35069e-01
         
33 33 1.95820e-03 4.28927e-01
         
34 34 1.91968e-03 4.46089e-01
         
35 35 2.08596e-03 5.02479e-01
         
36 36 1.59320e-03 3.99909e-01
         
37 37 1.56403e-03 4.09601e-01
         
38 38 1.66925e-03 4.58060e-01
         
39 39 1.53475e-03 4.33353e-01
         
40 40 1.53055e-03 4.47901e-01
         
41 41 1.49906e-03 4.59127e-01
         
42 42 1.38630e-03 4.37966e-01
         
43 43 1.43628e-03 4.67181e-01
         
44 44 1.34238e-03 4.56044e-01
         
45 45 1.43289e-03 5.03450e-01
         
46 46 1.09752e-03 3.96413e-01
         
47 47 1.16039e-03 4.33040e-01
         
48 48 9.96993e-04 3.82182e-01
         
49 49 1.09121e-03 4.34423e-01
         
50 50 1.13264e-03 4.66772e-01
         
51 51 1.08605e-03 4.57768e-01
         
52 52 9.54919e-04 4.13574e-01
         
53 53 1.06682e-03 4.75684e-01
         
54 54 9.74446e-04 4.50360e-01
         
55 55 9.08830e-04 4.27219e-01
         
56 56 7.97548e-04 3.84114e-01
         
57 57 8.41658e-04 4.23368e-01
         
58 58 8.24295e-04 4.19779e-01
         
59 59 8.33456e-04 4.33188e-01
         
60 60 7.83044e-04 4.17334e-01
         
61 61 7.80673e-04 4.26956e-01
         
62 62 7.82290e-04 4.40442e-01
         
63 63 6.85806e-04 3.91394e-01
         
64 64 7.66372e-04 4.52861e-01
         
65 65 7.36442e-04 4.49122e-01
         
66 66 8.26654e-04 5.13052e-01
         
67 67 6.32904e-04 3.98586e-01
         
68 68 7.07861e-04 4.57441e-01
         
69 69 6.56475e-04 4.33100e-01
         
70 70 6.34782e-04 4.26756e-01
         
71 71 7.16741e-04 4.96804e-01
         
72 72 5.73473e-04 4.03653e-01
         
73 73 6.41405e-04 4.60732e-01
         
74 74 6.13401e-04 4.51950e-01
         
75 75 5.88891e-04 4.39605e-01
         
76 76 5.68541e-04 4.30568e-01
         
77 77 6.27596e-04 4.88127e-01
         
78 78 6.37602e-04 5.07857e-01
         
79 79 5.66201e-04 4.57495e-01
