         
1 1 4.59547e+00 7.53624e+00
         
2 2 1.36000e-01 7.68586e-01
         
3 3 6.61327e-02 6.41782e-01
         
4 4 4.16497e-02 6.61825e-01
         
5 5 2.59041e-02 6.01985e-01
         
6 6 1.95982e-02 5.85856e-01
         
7 7 1.47953e-02 5.88146e-01
         
8 8 1.12653e-02 5.89269e-01
         
9 9 8.49318e-03 5.82954e-01
           
10 10 6.97288e-03 5.79803e-01
           
11 11 5.68989e-03 5.79488e-01
           
12 12 4.46451e-03 5.40414e-01
           
13 13 4.20632e-03 6.04299e-01
           
14 14 3.54091e-03 5.82888e-01
           
15 15 3.14542e-03 5.94871e-01
           
16 16 2.83598e-03 6.13907e-01
           
17 17 2.30575e-03 5.69631e-01
           
18 18 2.28985e-03 6.35152e-01
           
19 19 1.82114e-03 5.60242e-01
           
20 20 1.62425e-03 5.50326e-01
           
21 21 1.51236e-03 5.64251e-01
           
22 22 1.31185e-03 5.45405e-01
           
23 23 1.35498e-03 6.08258e-01
           
24 24 1.19883e-03 5.92494e-01
           
25 25 1.03657e-03 5.49038e-01
           
26 26 1.07230e-03 6.15974e-01
           
27 27 9.76769e-04 6.01573e-01
           
28 28 9.09010e-04 6.05556e-01
           
29 29 8.12941e-04 5.81160e-01
           
30 30 7.56389e-04 5.81771e-01
           
31 31 7.07133e-04 5.77103e-01
           
32 32 6.51836e-04 5.61786e-01
           
33 33 6.32992e-04 5.84483e-01
           
34 34 5.66856e-04 5.59061e-01
           
35 35 5.91040e-04 6.12933e-01
           
36 36 5.12444e-04 5.60295e-01
           
37 37 5.22579e-04 6.05840e-01
           
38 38 4.84889e-04 5.94154e-01
           
39 39 4.68219e-04 6.01773e-01
           
40 40 4.55496e-04 6.17647e-01
           
41 41 3.83458e-04 5.46730e-01
           
42 42 4.20576e-04 6.31895e-01
           
43 43 3.70448e-04 5.82231e-01
           
44 44 3.50037e-04 5.69824e-01
           
45 45 3.17938e-04 5.42645e-01
           
46 46 3.31468e-04 5.93590e-01
           
47 47 2.98331e-04 5.52726e-01
                                                                                                                                                                                                                                                                                                                                                                                            
48 48 2.96084e-04 5.75491e-01
