         
1 1 5.57677e-01 9.54505e-01
         
2 2 2.12347e-01 5.82386e-01
         
3 3 1.11017e-01 4.88022e-01
         
4 4 9.73485e-02 5.55863e-01
         
5 5 7.54657e-02 5.11128e-01
         
6 6 5.63839e-02 4.81687e-01
         
7 7 5.35408e-02 5.34579e-01
         
8 8 4.75094e-02 5.45921e-01
         
9 9 4.27185e-02 5.50926e-01
           
10 10 3.55429e-02 5.06942e-01
           
11 11 3.12066e-02 4.93837e-01
           
12 12 2.91732e-02 4.99147e-01
           
13 13 2.58369e-02 4.83001e-01
           
14 14 2.28352e-02 4.54790e-01
           
15 15 2.51162e-02 5.44787e-01
           
16 16 2.37160e-02 5.48000e-01
           
17 17 2.21597e-02 5.40188e-01
           
18 18 1.73290e-02 4.41838e-01
           
19 19 1.85798e-02 5.05371e-01
           
20 20 1.55298e-02 4.39818e-01
           
21 21 1.67156e-02 5.00961e-01
           
22 22 1.54788e-02 4.85478e-01
           
23 23 1.69855e-02 5.66064e-01
           
24 24 1.46515e-02 5.04495e-01
           
25 25 1.59492e-02 5.75038e-01
           
26 26 1.35830e-02 5.06935e-01
           
27 27 1.42920e-02 5.52984e-01
           
28 28 1.22547e-02 4.97914e-01
           
29 29 1.30145e-02 5.40226e-01
           
30 30 9.53461e-03 4.03261e-01
           
31 31 1.17909e-02 5.25168e-01
           
32 32 1.19029e-02 5.54222e-01
           
33 33 1.05886e-02 4.95616e-01
           
34 34 9.53262e-03 4.66541e-01
           
35 35 1.03599e-02 5.17881e-01
           
36 36 9.32071e-03 4.77320e-01
           
37 37 9.92879e-03 5.23954e-01
           
38 38 8.21592e-03 4.40172e-01
           
39 39 7.74262e-03 4.27115e-01
           
40 40 1.00700e-02 5.77794e-01
           
41 41 8.65952e-03 5.09651e-01
           
42 42 9.10888e-03 5.50925e-01
           
43 43 9.16688e-03 5.63579e-01
           
44 44 7.32864e-03 4.56122e-01
           
45 45 6.99596e-03 4.46183e-01
           
46 46 7.42250e-03 4.91379e-01
           
47 47 7.70434e-03 5.17975e-01
           
48 48 7.82819e-03 5.39790e-01
           
49 49 7.81166e-03 5.50002e-01
           
50 50 6.79152e-03 4.82535e-01
           
51 51 7.28953e-03 5.34053e-01
           
52 52 6.74883e-03 5.04462e-01
           
53 53 7.17968e-03 5.49973e-01
           
54 54 6.20314e-03 4.79725e-01
           
55 55 5.77060e-03 4.47733e-01
           
56 56 6.05995e-03 4.84018e-01
           
57 57 6.57384e-03 5.39513e-01
           
58 58 6.09245e-03 5.03812e-01
           
59 59 6.13728e-03 5.16048e-01
           
60 60 5.61487e-03 4.78138e-01
           
61 61 5.04616e-03 4.35084e-01
           
62 62 6.22773e-03 5.59279e-01
           
63 63 5.55589e-03 5.05508e-01
           
64 64 5.92522e-03 5.44807e-01
           
65 65 5.92942e-03 5.56860e-01
           
66 66 5.07237e-03 4.81497e-01
           
67 67 5.18396e-03 4.97725e-01
           
68 68 4.73608e-03 4.62492e-01
           
69 69 4.95350e-03 4.85163e-01
           
70 70 4.74918e-03 4.72372e-01
           
71 71 4.42985e-03 4.52252e-01
           
72 72 5.39057e-03 5.62435e-01
           
73 73 4.81514e-03 5.01638e-01
           
74 74 4.54895e-03 4.81782e-01
           
75 75 4.97633e-03 5.32784e-01
           
76 76 4.79483e-03 5.16622e-01
           
77 77 4.64558e-03 5.11624e-01
           
78 78 5.34825e-03 6.07807e-01
           
79 79 4.14072e-03 4.64842e-01
           
80 80 4.48410e-03 5.09928e-01
           
81 81 4.27292e-03 4.94465e-01
           
82 82 4.51272e-03 5.28342e-01
           
83 83 4.37410e-03 5.22120e-01
           
84 84 3.98565e-03 4.75783e-01
           
85 85 4.30012e-03 5.22871e-01
           
86 86 4.86961e-03 6.06192e-01
           
87 87 4.10929e-03 5.09073e-01
           
88 88 3.64880e-03 4.50812e-01
           
89 89 4.14451e-03 5.28660e-01
           
90 90 3.84944e-03 4.93590e-01
           
91 91 4.28259e-03 5.54775e-01
           
92 92 4.11758e-03 5.46336e-01
           
93 93 3.67267e-03 4.85742e-01
           
94 94 3.86525e-03 5.23472e-01
           
95 95 3.42712e-03 4.62275e-01
           
96 96 3.69773e-03 5.07179e-01
           
97 97 3.65412e-03 5.08151e-01
           
98 98 3.75872e-03 5.28231e-01
           
99 99 3.23232e-03 4.53377e-01
         
100 100 3.45937e-03 4.89746e-01