         
1 1 2.26796e+00 4.73663e+00
         
2 2 1.39188e-01 8.44884e-01
         
3 3 4.51284e-02 6.24963e-01
         
4 4 2.41266e-02 5.99455e-01
         
5 5 1.68422e-02 5.78984e-01
         
6 6 1.13234e-02 5.66367e-01
         
7 7 8.47224e-03 5.69032e-01
         
8 8 6.18399e-03 5.80321e-01
         
9 9 4.12449e-03 5.27454e-01
           
10 10 3.28519e-03 5.48907e-01
           
11 11 2.49315e-03 5.34487e-01
           
12 12 2.14216e-03 5.58942e-01
           
13 13 1.78192e-03 5.78501e-01
           
14 14 1.32462e-03 5.18529e-01
           
15 15 1.18158e-03 5.52832e-01
           
16 16 9.38953e-04 5.11452e-01
           
17 17 8.35643e-04 5.36038e-01
           
18 18 7.43931e-04 5.42085e-01
           
19 19 6.68035e-04 5.66878e-01
           
20 20 5.55848e-04 5.46593e-01
           
21 21 4.60529e-04 5.15268e-01
           
22 22 4.05895e-04 5.07148e-01
           
23 23 3.69381e-04 5.14488e-01
           
24 24 3.80605e-04 5.85051e-01
                                                                                            
25 25 3.49991e-04 6.02867e-01
                                                                                                                                                                                                                                                                                                                                                                                                                                                                                                                                                                                                                                                                                                                                                                                                                                                     
26 26 2.87489e-04 5.43734e-01
                                                                                                                                                                                                                                                                                                                                                                                                                                                                                                                                                                                                                                                                                                                                                                                                                                                                                                                                                                                                                                                                                                                 
27 27 2.40029e-04 5.05333e-01
                                                                                                                                                                                                                                                                                                                                                                                                                                                                                                                                                                                                                                                                                                                                                                                                                                                                                                                                                                                                                                                                                                                                                                                                                                                                                                                       
28 28 2.26668e-04 5.26238e-01
                                                                                                                                                                                                                                                                                                                                                                                                                                                                                                                                                                                                                                                                                                                                                                                                      29 29 2.21739e-04 5.55551e-01
