
          
1 1 4.76236e-02 6.36857e-02
          
2 2 5.68037e-02 9.63823e-02
          
3 3 3.59785e-02 6.44836e-02
          
4 4 2.40832e-02 5.02089e-02
          
5 5 1.72316e-02 3.94784e-02
          
6 6 1.27964e-02 3.34146e-02
          
7 7 1.03455e-02 2.92338e-02
          
8 8 8.23497e-03 2.55539e-02
          
9 9 6.81335e-03 2.25668e-02
            
10 10 6.03616e-03 2.08815e-02
            
11 11 5.24463e-03 1.89383e-02
            
12 12 4.66004e-03 1.75137e-02
            
13 13 4.03711e-03 1.58560e-02
            
14 14 3.61791e-03 1.47315e-02
            
15 15 3.42197e-03 1.43554e-02
            
16 16 3.09116e-03 1.32162e-02
            
17 17 2.74331e-03 1.21903e-02
            
18 18 2.61162e-03 1.18084e-02
            
19 19 2.37970e-03 1.10197e-02
            
20 20 2.21565e-03 1.05505e-02
            
21 21 1.90842e-03 9.33023e-03
            
22 22 1.84773e-03 9.24685e-03
            
23 23 1.74206e-03 8.84795e-03
            
24 24 1.59800e-03 8.38704e-03
            
25 25 1.46747e-03 7.85485e-03
            
26 26 1.50277e-03 8.04288e-03
            
27 27 1.39845e-03 7.73466e-03
            
28 28 1.29978e-03 7.29447e-03
            
29 29 1.20384e-03 6.87584e-03
            
30 30 1.19317e-03 6.85662e-03
            
31 31 1.11476e-03 6.52581e-03
            
32 32 1.07584e-03 6.41266e-03
            
33 33 1.02767e-03 6.17416e-03
            
34 34 9.78162e-04 5.99440e-03
            
35 35 9.54163e-04 5.86332e-03
            
36 36 8.75873e-04 5.53019e-03
            
37 37 8.61707e-04 5.47288e-03
            
38 38 8.32698e-04 5.36833e-03
            
39 39 7.81287e-04 5.13035e-03
            
40 40 7.38617e-04 4.89645e-03
            
41 41 7.54854e-04 5.04014e-03
            
42 42 7.31287e-04 4.92066e-03
            
43 43 6.90605e-04 4.70960e-03
            
44 44 6.51818e-04 4.52205e-03
            
45 45 6.49916e-04 4.51963e-03
            
46 46 6.15895e-04 4.35694e-03
            
47 47 6.06286e-04 4.33650e-03
            
48 48 5.78474e-04 4.18968e-03
            
49 49 5.68310e-04 4.12397e-03
            
50 50 5.45749e-04 4.01746e-03
            
51 51 5.32221e-04 3.96744e-03
            
52 52 5.28291e-04 3.91148e-03
            
53 53 5.26787e-04 3.92629e-03
            
54 54 4.71710e-04 3.61880e-03
            
55 55 4.77183e-04 3.65511e-03
            
56 56 4.65018e-04 3.60744e-03
            
57 57 4.68205e-04 3.65967e-03
            
58 58 4.27431e-04 3.40482e-03
            
59 59 4.32663e-04 3.47268e-03
            
60 60 4.23761e-04 3.39602e-03
            
61 61 3.96484e-04 3.21707e-03
            
62 62 3.99353e-04 3.25803e-03
            
63 63 3.85414e-04 3.16397e-03
            
64 64 3.65552e-04 3.06416e-03
            
65 65 3.66763e-04 3.05594e-03
            
66 66 3.40753e-04 2.88176e-03
            
67 67 3.66338e-04 3.10108e-03
            
68 68 3.43118e-04 2.93847e-03
            
69 69 3.31213e-04 2.83353e-03
            
70 70 3.32395e-04 2.88906e-03
            
71 71 3.22568e-04 2.82879e-03
            
72 72 3.26753e-04 2.86037e-03
            
73 73 3.11269e-04 2.74380e-03
            
74 74 3.01419e-04 2.70117e-03
            
75 75 3.03409e-04 2.71154e-03
            
76 76 2.94292e-04 2.66156e-03
            
77 77 2.96650e-04 2.69399e-03
            
78 78 2.80218e-04 2.56434e-03
            
79 79 2.81887e-04 2.58696e-03
            
80 80 2.77725e-04 2.56191e-03
            
81 81 2.64731e-04 2.44591e-03
            
82 82 2.73012e-04 2.53863e-03
            
83 83 2.56982e-04 2.43555e-03
            
84 84 2.55916e-04 2.43241e-03
            
85 85 2.42572e-04 2.31331e-03
            
86 86 2.37838e-04 2.28486e-03
            
87 87 2.48140e-04 2.38310e-03
            
88 88 2.36373e-04 2.29914e-03
            
89 89 2.35598e-04 2.27482e-03
            
90 90 2.23498e-04 2.18944e-03
            
91 91 2.23806e-04 2.19679e-03
            
92 92 2.06424e-04 2.05821e-03
            
93 93 2.15196e-04 2.13226e-03
            
94 94 2.17483e-04 2.14773e-03
            
95 95 2.14832e-04 2.15389e-03
            
96 96 2.10430e-04 2.10487e-03
            
97 97 2.04744e-04 2.07234e-03
            
98 98 2.07576e-04 2.09937e-03
            
99 99 1.96400e-04 2.00506e-03
              
100 100 1.89523e-04 1.95453e-03
              
101 101 1.93694e-04 1.99775e-03
              
102 102 1.87218e-04 1.94579e-03
              
103 103 1.87468e-04 1.94745e-03
              
104 104 1.81401e-04 1.91510e-03
              
105 105 1.81834e-04 1.91689e-03
              
106 106 1.78072e-04 1.88855e-03
              
107 107 1.74223e-04 1.86058e-03
              
108 108 1.69337e-04 1.82397e-03
              
109 109 1.71790e-04 1.83869e-03
              
110 110 1.70160e-04 1.84559e-03
              
111 111 1.66889e-04 1.80773e-03
              
112 112 1.64153e-04 1.78344e-03
              
113 113 1.58265e-04 1.74685e-03
              
114 114 1.62774e-04 1.77442e-03
              
115 115 1.58271e-04 1.73846e-03
              
116 116 1.55077e-04 1.71010e-03
              
117 117 1.54554e-04 1.71756e-03
              
118 118 1.49887e-04 1.68297e-03
              
119 119 1.54592e-04 1.72773e-03
              
120 120 1.49652e-04 1.67545e-03
              
121 121 1.48576e-04 1.68261e-03
              
122 122 1.44813e-04 1.63611e-03
              
123 123 1.34922e-04 1.54761e-03
              
124 124 1.40826e-04 1.61258e-03
              
125 125 1.40032e-04 1.60188e-03
              
126 126 1.40294e-04 1.61490e-03
              
127 127 1.34754e-04 1.58056e-03
              
128 128 1.34457e-04 1.56145e-03
              
129 129 1.31999e-04 1.55047e-03
              
130 130 1.28509e-04 1.50492e-03
              
131 131 1.30687e-04 1.54203e-03
              
132 132 1.30612e-04 1.53565e-03
              
133 133 1.24572e-04 1.47778e-03
              
134 134 1.24924e-04 1.48104e-03
              
135 135 1.25678e-04 1.50676e-03
              
136 136 1.26453e-04 1.50667e-03
              
137 137 1.22976e-04 1.47810e-03
              
138 138 1.21362e-04 1.46362e-03
              
139 139 1.21706e-04 1.46288e-03
              
140 140 1.20422e-04 1.45242e-03
              
141 141 1.18481e-04 1.44481e-03
              
142 142 1.12832e-04 1.38715e-03
              
143 143 1.11970e-04 1.38320e-03
              
144 144 1.15903e-04 1.42010e-03
              
145 145 1.09627e-04 1.34562e-03
              
146 146 1.08308e-04 1.34410e-03
              
147 147 1.11758e-04 1.39327e-03
              
148 148 1.08879e-04 1.35972e-03
              
149 149 1.08495e-04 1.34757e-03
              
150 150 1.07723e-04 1.35820e-03
              
151 151 1.07589e-04 1.36004e-03
              
152 152 1.05842e-04 1.33933e-03
              
153 153 1.03939e-04 1.31873e-03
              
154 154 1.01500e-04 1.29640e-03
              
155 155 1.02968e-04 1.31307e-03
              
156 156 1.04968e-04 1.33703e-03
              
157 157 9.94254e-05 1.27490e-03
              
158 158 9.91087e-05 1.27528e-03
              
159 159 9.56792e-05 1.24417e-03
              
160 160 9.62401e-05 1.25064e-03
              
161 161 9.87681e-05 1.28394e-03
              
162 162 9.67909e-05 1.25492e-03
              
163 163 9.53253e-05 1.24005e-03
              
164 164 9.36682e-05 1.22907e-03
              
165 165 9.39523e-05 1.23280e-03
              
166 166 8.88169e-05 1.18934e-03
              
167 167 9.08582e-05 1.20364e-03
              
168 168 8.80889e-05 1.18266e-03
              
169 169 9.07661e-05 1.20439e-03
              
170 170 9.08144e-05 1.20371e-03
              
171 171 8.99105e-05 1.19803e-03
              
172 172 8.44933e-05 1.13859e-03
              
173 173 8.63021e-05 1.16001e-03
              
174 174 8.37538e-05 1.13594e-03
              
175 175 8.51081e-05 1.14771e-03
              
176 176 8.47786e-05 1.14016e-03
              
177 177 8.20819e-05 1.12203e-03
              
178 178 8.14387e-05 1.10911e-03
              
179 179 8.00418e-05 1.10214e-03
              
180 180 8.18219e-05 1.12978e-03
              
181 181 7.99783e-05 1.11152e-03
              
182 182 8.01569e-05 1.10144e-03
              
183 183 7.81849e-05 1.08274e-03
              
184 184 8.06342e-05 1.11866e-03
              
185 185 7.55777e-05 1.04936e-03
              
186 186 7.74039e-05 1.07984e-03
              
187 187 7.65191e-05 1.06511e-03
              
188 188 7.85347e-05 1.09627e-03
              
189 189 7.40646e-05 1.04733e-03
              
190 190 7.43046e-05 1.04428e-03
              
191 191 7.34822e-05 1.03986e-03
              
192 192 7.35228e-05 1.04333e-03
              
193 193 7.27026e-05 1.03616e-03
              
194 194 7.39401e-05 1.04925e-03
              
195 195 7.45679e-05 1.05475e-03
              
196 196 7.26163e-05 1.03893e-03
              
197 197 7.19782e-05 1.02913e-03
              
198 198 7.03911e-05 1.01396e-03
              
199 199 6.98560e-05 1.01260e-03
              
200 200 6.71611e-05 9.78057e-04
              
201 201 6.80375e-05 9.87408e-04
              
202 202 7.08187e-05 1.03029e-03
              
203 203 6.70476e-05 9.78769e-04
              
204 204 6.86378e-05 1.00505e-03
              
205 205 6.52284e-05 9.58990e-04
              
206 206 6.57659e-05 9.67592e-04
              
207 207 6.61397e-05 9.68733e-04
              
208 208 6.68095e-05 9.81230e-04
              
209 209 6.45186e-05 9.60096e-04
              
210 210 6.54738e-05 9.77802e-04
              
211 211 6.70355e-05 9.86703e-04
              
212 212 6.32001e-05 9.43766e-04
              
213 213 6.20694e-05 9.29240e-04
              
214 214 6.51476e-05 9.75565e-04
              
215 215 5.93638e-05 9.00284e-04
              
216 216 6.10019e-05 9.14003e-04
              
217 217 6.31974e-05 9.51019e-04
              
218 218 6.05699e-05 9.17302e-04
              
219 219 5.93891e-05 9.07251e-04
              
220 220 5.81439e-05 8.90098e-04
              
221 221 5.81653e-05 8.86806e-04
              
222 222 6.06011e-05 9.28823e-04
              
223 223 5.79567e-05 8.89165e-04
              
224 224 5.79825e-05 8.87533e-04
              
225 225 6.01654e-05 9.23689e-04
              
226 226 5.80813e-05 8.94028e-04
              
227 227 5.66756e-05 8.70822e-04
              
228 228 5.78482e-05 8.89099e-04
              
229 229 5.75638e-05 8.90594e-04
              
230 230 5.78075e-05 8.83674e-04
              
231 231 5.56358e-05 8.60717e-04
              
232 232 5.58696e-05 8.70686e-04
              
233 233 5.53767e-05 8.64215e-04
              
234 234 5.51883e-05 8.64908e-04
              
235 235 5.46188e-05 8.62761e-04
              
236 236 5.53727e-05 8.62149e-04
              
237 237 5.43632e-05 8.55273e-04
              
238 238 5.38453e-05 8.46085e-04
              
239 239 5.30953e-05 8.34275e-04
              
240 240 5.10410e-05 8.09231e-04
              
241 241 5.23545e-05 8.31552e-04
              
242 242 4.99811e-05 7.99007e-04
              
243 243 4.99385e-05 7.98252e-04
              
244 244 5.12995e-05 8.20768e-04
              
245 245 4.98940e-05 8.05467e-04
              
246 246 5.10781e-05 8.20622e-04
              
247 247 5.04059e-05 8.10788e-04
              
248 248 4.87459e-05 7.96005e-04
              
249 249 4.91613e-05 7.95049e-04
              
250 250 4.85800e-05 7.87829e-04
              
251 251 4.93247e-05 7.98471e-04
              
252 252 4.89761e-05 7.96337e-04
              
253 253 4.86767e-05 8.01327e-04
              
254 254 4.82428e-05 7.88933e-04
              
255 255 4.93780e-05 8.01258e-04
              
256 256 4.78409e-05 7.78431e-04
              
257 257 4.75789e-05 7.83099e-04
              
258 258 4.67961e-05 7.72626e-04
              
259 259 4.50909e-05 7.48875e-04
              
260 260 4.44930e-05 7.41821e-04
              
261 261 4.62890e-05 7.60876e-04
              
262 262 4.61869e-05 7.67087e-04
              
263 263 4.56708e-05 7.60958e-04
              
264 264 4.55417e-05 7.55238e-04
              
265 265 4.67009e-05 7.72449e-04
              
266 266 4.44731e-05 7.38943e-04
              
267 267 4.46163e-05 7.44306e-04
              
268 268 4.38815e-05 7.38919e-04
              
269 269 4.31679e-05 7.25520e-04
              
270 270 4.41574e-05 7.38738e-04
              
271 271 4.48775e-05 7.56489e-04
              
272 272 4.29204e-05 7.23805e-04
              
273 273 4.27709e-05 7.25347e-04
              
274 274 4.25947e-05 7.19976e-04
              
275 275 4.35469e-05 7.33988e-04
              
276 276 4.12014e-05 6.99224e-04
              
277 277 4.21016e-05 7.11887e-04
              
278 278 4.19182e-05 7.16272e-04
              
279 279 4.28161e-05 7.30414e-04
              
280 280 4.09914e-05 7.04865e-04
              
281 281 4.14267e-05 7.06956e-04
              
282 282 4.27224e-05 7.32616e-04
              
283 283 4.08601e-05 7.02656e-04
              
284 284 4.00640e-05 6.94448e-04
              
285 285 4.00865e-05 6.90267e-04
              
286 286 3.93305e-05 6.85532e-04
              
287 287 3.95285e-05 6.84741e-04
              
288 288 4.24455e-05 7.28711e-04
              
289 289 4.04360e-05 7.02003e-04
              
290 290 4.12866e-05 7.17324e-04
              
291 291 3.92017e-05 6.82369e-04
              
292 292 3.84941e-05 6.75992e-04
              
293 293 3.84546e-05 6.73336e-04
              
294 294 3.86708e-05 6.81428e-04
              
295 295 3.82305e-05 6.75947e-04
              
296 296 3.80004e-05 6.66429e-04
              
297 297 3.81012e-05 6.69426e-04
              
298 298 3.75403e-05 6.62130e-04
              
299 299 3.79094e-05 6.68196e-04
              
300 300 3.77994e-05 6.68213e-04
              
301 301 3.75779e-05 6.67559e-04
              
302 302 3.61675e-05 6.47265e-04
              
303 303 3.62432e-05 6.48034e-04
              
304 304 3.82817e-05 6.81411e-04
              
305 305 3.79698e-05 6.74840e-04
              
306 306 3.71685e-05 6.66080e-04
              
307 307 3.59668e-05 6.47010e-04
              
308 308 3.73200e-05 6.67450e-04
              
309 309 3.59668e-05 6.47349e-04
              
310 310 3.52287e-05 6.37068e-04
              
311 311 3.58217e-05 6.45720e-04
              
312 312 3.55927e-05 6.45226e-04
              
313 313 3.43121e-05 6.25317e-04
              
314 314 3.63063e-05 6.52132e-04
              
315 315 3.54998e-05 6.41910e-04
              
316 316 3.55856e-05 6.47281e-04
              
317 317 3.50600e-05 6.39106e-04
              
318 318 3.47466e-05 6.32229e-04
              
319 319 3.35153e-05 6.18408e-04
              
320 320 3.46903e-05 6.30491e-04
              
321 321 3.43925e-05 6.26880e-04
              
322 322 3.27410e-05 6.05538e-04
              
323 323 3.48336e-05 6.34337e-04
              
324 324 3.36312e-05 6.19157e-04
              
325 325 3.40217e-05 6.27261e-04
              
326 326 3.57588e-05 6.58269e-04
              
327 327 3.39147e-05 6.22971e-04
              
328 328 3.23723e-05 6.02225e-04
              
329 329 3.34903e-05 6.20547e-04
              
330 330 3.22409e-05 6.04767e-04
              
331 331 3.22771e-05 5.97451e-04
              
332 332 3.19044e-05 5.94459e-04
              
333 333 3.20496e-05 5.97944e-04
              
334 334 3.18558e-05 5.95615e-04
              
335 335 3.20493e-05 6.00169e-04
              
336 336 3.07117e-05 5.81628e-04
              
337 337 3.21971e-05 6.02998e-04
              
338 338 3.17700e-05 5.99673e-04
              
339 339 3.16431e-05 5.95129e-04
              
340 340 2.97920e-05 5.61472e-04
              
341 341 3.12911e-05 5.88112e-04
              
342 342 3.00425e-05 5.69791e-04
              
343 343 3.03515e-05 5.76345e-04
              
344 344 2.91141e-05 5.60855e-04
              
345 345 3.09911e-05 5.85534e-04
              
346 346 3.01264e-05 5.77406e-04
              
347 347 2.95760e-05 5.65536e-04
              
348 348 2.90724e-05 5.57659e-04
              
349 349 3.06118e-05 5.86283e-04
              
350 350 3.00736e-05 5.74301e-04
              
351 351 3.00205e-05 5.72173e-04
              
352 352 3.03063e-05 5.83109e-04
              
353 353 2.96580e-05 5.69074e-04
              
354 354 2.90991e-05 5.58671e-04
              
355 355 2.98336e-05 5.74419e-04
              
356 356 3.07859e-05 5.91980e-04
              
357 357 2.88778e-05 5.57655e-04
              
358 358 2.85890e-05 5.54150e-04
              
359 359 2.90578e-05 5.63274e-04
              
360 360 2.93129e-05 5.66713e-04
              
361 361 2.80835e-05 5.46897e-04
              
362 362 2.87403e-05 5.57389e-04
              
363 363 2.88093e-05 5.58589e-04
              
364 364 2.78216e-05 5.43938e-04
              
365 365 2.86170e-05 5.60498e-04
              
366 366 2.82454e-05 5.53128e-04
              
367 367 2.71931e-05 5.31507e-04
              
368 368 2.90653e-05 5.68857e-04
              
369 369 2.80736e-05 5.51378e-04
              
370 370 2.74253e-05 5.41450e-04
              
371 371 2.76256e-05 5.42656e-04
              
372 372 2.72469e-05 5.38660e-04
              
373 373 2.68683e-05 5.30284e-04
              
374 374 2.78120e-05 5.48658e-04
              
375 375 2.71184e-05 5.37381e-04
              
376 376 2.65332e-05 5.27311e-04
              
377 377 2.69536e-05 5.30563e-04
              
378 378 2.72700e-05 5.41573e-04
              
379 379 2.52533e-05 5.08012e-04
              
380 380 2.63869e-05 5.26863e-04
              
381 381 2.61490e-05 5.22496e-04
              
382 382 2.67042e-05 5.31405e-04
              
383 383 2.63736e-05 5.25138e-04
              
384 384 2.60001e-05 5.20368e-04
              
385 385 2.52798e-05 5.05449e-04
              
386 386 2.52986e-05 5.10675e-04
              
387 387 2.56088e-05 5.15150e-04
              
388 388 2.54222e-05 5.10921e-04
              
389 389 2.56198e-05 5.17929e-04
              
390 390 2.51707e-05 5.05282e-04
              
391 391 2.60495e-05 5.21685e-04
              
392 392 2.54800e-05 5.12818e-04
              
393 393 2.47859e-05 5.02675e-04
              
394 394 2.54413e-05 5.19435e-04
              
395 395 2.48718e-05 5.08312e-04
              
396 396 2.44142e-05 4.98434e-04
              
397 397 2.47927e-05 5.08509e-04
              
398 398 2.56440e-05 5.14818e-04
              
399 399 2.57242e-05 5.21134e-04
              
400 400 2.42492e-05 4.98875e-04
              
401 401 2.44207e-05 5.00538e-04
              
402 402 2.45279e-05 4.96988e-04
              
403 403 2.34991e-05 4.86008e-04
              
404 404 2.42595e-05 4.97066e-04
              
405 405 2.47743e-05 5.04923e-04
              
406 406 2.42544e-05 4.97702e-04
              
407 407 2.37995e-05 4.92182e-04
              
408 408 2.29310e-05 4.73385e-04
              
409 409 2.41629e-05 4.95210e-04
              
410 410 2.35130e-05 4.88645e-04
              
411 411 2.28953e-05 4.73668e-04
              
412 412 2.31783e-05 4.82700e-04
              
413 413 2.35166e-05 4.85611e-04
              
414 414 2.37608e-05 4.90593e-04
              
415 415 2.32488e-05 4.82995e-04
              
416 416 2.28066e-05 4.74583e-04
              
417 417 2.31419e-05 4.83604e-04
              
418 418 2.31029e-05 4.85452e-04
              
419 419 2.36927e-05 4.89379e-04
              
420 420 2.30456e-05 4.77436e-04
              
421 421 2.28836e-05 4.79585e-04
              
422 422 2.28553e-05 4.77708e-04
              
423 423 2.30992e-05 4.78710e-04
              
424 424 2.37845e-05 4.95271e-04
              
425 425 2.18041e-05 4.59192e-04
              
426 426 2.19926e-05 4.62629e-04
              
427 427 2.18423e-05 4.63787e-04
              
428 428 2.20858e-05 4.65682e-04
              
429 429 2.20178e-05 4.68368e-04
              
430 430 2.15709e-05 4.56950e-04
              
431 431 2.25184e-05 4.76211e-04
              
432 432 2.22551e-05 4.72673e-04
              
433 433 2.18296e-05 4.64815e-04
              
434 434 2.21615e-05 4.68654e-04
              
435 435 2.07186e-05 4.42023e-04
              
436 436 2.19718e-05 4.64095e-04
              
437 437 2.06807e-05 4.44340e-04
              
438 438 2.11248e-05 4.51611e-04
              
439 439 2.11897e-05 4.52809e-04
              
440 440 2.08545e-05 4.46594e-04
              
441 441 2.05697e-05 4.42902e-04
              
442 442 2.11871e-05 4.52260e-04
              
443 443 2.12078e-05 4.57827e-04
              
444 444 2.08250e-05 4.47962e-04
              
445 445 2.12284e-05 4.54165e-04
              
446 446 2.13735e-05 4.59563e-04
              
447 447 2.05388e-05 4.45151e-04
              
448 448 2.11589e-05 4.57786e-04
              
449 449 2.07997e-05 4.50478e-04
              
450 450 2.06329e-05 4.46490e-04
              
451 451 2.02508e-05 4.43544e-04
              
452 452 2.07773e-05 4.50745e-04
              
453 453 2.06640e-05 4.46405e-04
              
454 454 1.98869e-05 4.34546e-04
              
455 455 2.03868e-05 4.44701e-04
              
456 456 2.06230e-05 4.47927e-04
              
457 457 1.92759e-05 4.23517e-04
              
458 458 1.94402e-05 4.28057e-04
              
459 459 2.04342e-05 4.48261e-04
              
460 460 1.92530e-05 4.21620e-04
              
461 461 1.93739e-05 4.25555e-04
              
462 462 1.95565e-05 4.29113e-04
              
463 463 1.97083e-05 4.31914e-04
              
464 464 1.97701e-05 4.32676e-04
              
465 465 1.97192e-05 4.32931e-04
              
466 466 1.93663e-05 4.27405e-04
              
467 467 1.91596e-05 4.25291e-04
              
468 468 1.92187e-05 4.21589e-04
              
469 469 1.96672e-05 4.33254e-04
              
470 470 1.91540e-05 4.27112e-04
              
471 471 1.88797e-05 4.16606e-04
              
472 472 1.88471e-05 4.17385e-04
              
473 473 1.91156e-05 4.24974e-04
              
474 474 1.86972e-05 4.17419e-04
              
475 475 1.83055e-05 4.11714e-04
              
476 476 1.92180e-05 4.26099e-04
              
477 477 1.82939e-05 4.12001e-04
              
478 478 1.82048e-05 4.10579e-04
              
479 479 1.90175e-05 4.23172e-04
              
480 480 1.83600e-05 4.15351e-04
              
481 481 1.76642e-05 4.02604e-04
              
482 482 1.82202e-05 4.08262e-04
              
483 483 1.85762e-05 4.20268e-04
              
484 484 1.88353e-05 4.22160e-04
              
485 485 1.82834e-05 4.12629e-04
              
486 486 1.78306e-05 4.02050e-04
              
487 487 1.84055e-05 4.14803e-04
              
488 488 1.77269e-05 3.97439e-04
              
489 489 1.80093e-05 4.06622e-04
              
490 490 1.85272e-05 4.18652e-04
              
491 491 1.80227e-05 4.07430e-04
              
492 492 1.75302e-05 3.99017e-04
              
493 493 1.81266e-05 4.09459e-04
              
494 494 1.85914e-05 4.18470e-04
              
495 495 1.78538e-05 4.06628e-04
              
496 496 1.72864e-05 3.95000e-04
              
497 497 1.78838e-05 4.07398e-04
              
498 498 1.75404e-05 4.03214e-04
              
499 499 1.78320e-05 4.10206e-04
              
500 500 1.75317e-05 4.00666e-04
              
501 501 1.75093e-05 3.96399e-04
              
502 502 1.74514e-05 3.97607e-04
              
503 503 1.70923e-05 3.93951e-04
              
504 504 1.73786e-05 3.97756e-04
              
505 505 1.71389e-05 3.93864e-04
              
506 506 1.77575e-05 4.07838e-04
              
507 507 1.76111e-05 4.03525e-04
              
508 508 1.73174e-05 3.96066e-04
              
509 509 1.68054e-05 3.89622e-04
              
510 510 1.74007e-05 3.99187e-04
              
511 511 1.68142e-05 3.89143e-04
              
512 512 1.71032e-05 3.94441e-04
              
513 513 1.65416e-05 3.82225e-04
              
514 514 1.74947e-05 4.05504e-04
              
515 515 1.75428e-05 4.03009e-04
              
516 516 1.64776e-05 3.82951e-04
              
517 517 1.78290e-05 4.11527e-04
              
518 518 1.69362e-05 3.93472e-04
              
519 519 1.67491e-05 3.90869e-04
              
520 520 1.66378e-05 3.88241e-04
              
521 521 1.62141e-05 3.78081e-04
              
522 522 1.67982e-05 3.88047e-04
              
523 523 1.65548e-05 3.87603e-04
              
524 524 1.64216e-05 3.82747e-04
              
525 525 1.60799e-05 3.72302e-04
              
526 526 1.60565e-05 3.77919e-04
              
527 527 1.58050e-05 3.73920e-04
              
528 528 1.59903e-05 3.75386e-04
              
529 529 1.62784e-05 3.79433e-04
              
530 530 1.58286e-05 3.73395e-04
              
531 531 1.56061e-05 3.68956e-04
              
532 532 1.55902e-05 3.65596e-04
              
533 533 1.57715e-05 3.74465e-04
              
534 534 1.56703e-05 3.70686e-04
              
535 535 1.57633e-05 3.71826e-04
              
536 536 1.57075e-05 3.71499e-04
              
537 537 1.60197e-05 3.76764e-04
              
538 538 1.54624e-05 3.68368e-04
              
539 539 1.56968e-05 3.68809e-04
              
540 540 1.60876e-05 3.80039e-04
              
541 541 1.56571e-05 3.73339e-04
              
542 542 1.52702e-05 3.64858e-04
              
543 543 1.50663e-05 3.59682e-04
              
544 544 1.56527e-05 3.72951e-04
              
545 545 1.62526e-05 3.83431e-04
              
546 546 1.60390e-05 3.81600e-04
              
547 547 1.54700e-05 3.70085e-04
              
548 548 1.57218e-05 3.73336e-04
              
549 549 1.49925e-05 3.61519e-04
              
550 550 1.47159e-05 3.53464e-04
              
551 551 1.54317e-05 3.69761e-04
              
552 552 1.46745e-05 3.50788e-04
              
553 553 1.55505e-05 3.74173e-04
              
554 554 1.49734e-05 3.58006e-04
              
555 555 1.52123e-05 3.65794e-04
              
556 556 1.50255e-05 3.61698e-04
              
557 557 1.49403e-05 3.59745e-04
              
558 558 1.44419e-05 3.49899e-04
              
559 559 1.46306e-05 3.54620e-04
              
560 560 1.54480e-05 3.71135e-04
              
561 561 1.53542e-05 3.68824e-04
              
562 562 1.43593e-05 3.47687e-04
              
563 563 1.47418e-05 3.58385e-04
              
564 564 1.43149e-05 3.49912e-04
              
565 565 1.48772e-05 3.59724e-04
              
566 566 1.42262e-05 3.44472e-04
              
567 567 1.49383e-05 3.63343e-04
              
568 568 1.43982e-05 3.49606e-04
              
569 569 1.40500e-05 3.43493e-04
              
570 570 1.44872e-05 3.51500e-04
              
571 571 1.46782e-05 3.57437e-04
              
572 572 1.35930e-05 3.35213e-04
              
573 573 1.39302e-05 3.41871e-04
              
574 574 1.45153e-05 3.54422e-04
              
575 575 1.41017e-05 3.45032e-04
              
576 576 1.49456e-05 3.63440e-04
              
577 577 1.43766e-05 3.52522e-04
              
578 578 1.39411e-05 3.42297e-04
              
579 579 1.41140e-05 3.47669e-04
              
580 580 1.39615e-05 3.44124e-04
              
581 581 1.38428e-05 3.41036e-04
              
582 582 1.45406e-05 3.55937e-04
              
583 583 1.35977e-05 3.34874e-04
              
584 584 1.37453e-05 3.40389e-04
              
585 585 1.39860e-05 3.44376e-04
              
586 586 1.37283e-05 3.40088e-04
              
587 587 1.37596e-05 3.39522e-04
              
588 588 1.34789e-05 3.33693e-04
              
589 589 1.38098e-05 3.43524e-04
              
590 590 1.34952e-05 3.38232e-04
              
591 591 1.38351e-05 3.43530e-04
              
592 592 1.40777e-05 3.47721e-04
              
593 593 1.36016e-05 3.37933e-04
              
594 594 1.29465e-05 3.24321e-04
              
595 595 1.27597e-05 3.19680e-04
              
596 596 1.27587e-05 3.21792e-04
              
597 597 1.29692e-05 3.25294e-04
              
598 598 1.26532e-05 3.18912e-04
              
599 599 1.33196e-05 3.34311e-04
              
600 600 1.36093e-05 3.40688e-04
              
601 601 1.35080e-05 3.39172e-04
              
602 602 1.34611e-05 3.37198e-04
              
603 603 1.27730e-05 3.20029e-04
              
604 604 1.29912e-05 3.25484e-04
              
605 605 1.30058e-05 3.27232e-04
              
606 606 1.32207e-05 3.31743e-04
              
607 607 1.28196e-05 3.21921e-04
              
608 608 1.29267e-05 3.25064e-04
              
609 609 1.31403e-05 3.28986e-04
              
610 610 1.26033e-05 3.17272e-04
              
611 611 1.23723e-05 3.12949e-04
              
612 612 1.33980e-05 3.38119e-04
              
613 613 1.34067e-05 3.36220e-04
              
614 614 1.32690e-05 3.29968e-04
              
615 615 1.26699e-05 3.20733e-04
              
616 616 1.29469e-05 3.26267e-04
              
617 617 1.31883e-05 3.34336e-04
              
618 618 1.28875e-05 3.24744e-04
              
619 619 1.27646e-05 3.24527e-04
              
620 620 1.25494e-05 3.20306e-04
              
621 621 1.25901e-05 3.22148e-04
              
622 622 1.24605e-05 3.19930e-04
              
623 623 1.26606e-05 3.24268e-04
              
624 624 1.25118e-05 3.19202e-04
              
625 625 1.26723e-05 3.22337e-04
              
626 626 1.23566e-05 3.16139e-04
              
627 627 1.22361e-05 3.15999e-04
              
628 628 1.25254e-05 3.18132e-04
              
629 629 1.22896e-05 3.15157e-04
              
630 630 1.24744e-05 3.19400e-04
              
631 631 1.24054e-05 3.19141e-04
              
632 632 1.19284e-05 3.06758e-04
              
633 633 1.24400e-05 3.19111e-04
              
634 634 1.26499e-05 3.23605e-04
              
635 635 1.21634e-05 3.14991e-04
              
636 636 1.24932e-05 3.19361e-04
              
637 637 1.20565e-05 3.08599e-04
              
638 638 1.20974e-05 3.12651e-04
              
639 639 1.22078e-05 3.14712e-04
              
640 640 1.28871e-05 3.30842e-04
              
641 641 1.22779e-05 3.16812e-04
              
642 642 1.20213e-05 3.10274e-04
              
643 643 1.20610e-05 3.14308e-04
              
644 644 1.18002e-05 3.07438e-04
              
645 645 1.20428e-05 3.10470e-04
              
646 646 1.16796e-05 3.04534e-04
              
647 647 1.17439e-05 3.05337e-04
              
648 648 1.15478e-05 3.01278e-04
              
649 649 1.20774e-05 3.10918e-04
              
650 650 1.16918e-05 3.05700e-04
              
651 651 1.15772e-05 3.02098e-04
              
652 652 1.15277e-05 3.01564e-04
              
653 653 1.18672e-05 3.10571e-04
              
654 654 1.19678e-05 3.10855e-04
              
655 655 1.15198e-05 3.02181e-04
              
656 656 1.14333e-05 3.01311e-04
              
657 657 1.19488e-05 3.11238e-04
              
658 658 1.14407e-05 3.00798e-04
              
659 659 1.17794e-05 3.10894e-04
              
660 660 1.19621e-05 3.10004e-04
              
661 661 1.16737e-05 3.06108e-04
              
662 662 1.14238e-05 3.01833e-04
              
663 663 1.20627e-05 3.13967e-04
              
664 664 1.13764e-05 3.01646e-04
              
665 665 1.16871e-05 3.04226e-04
              
666 666 1.12056e-05 2.97011e-04
              
667 667 1.12981e-05 2.97768e-04
              
668 668 1.13095e-05 2.99293e-04
              
669 669 1.12436e-05 2.99255e-04
              
670 670 1.11838e-05 2.95667e-04
              
671 671 1.12037e-05 2.97491e-04
              
672 672 1.14154e-05 3.01379e-04
              
673 673 1.07993e-05 2.89532e-04
              
674 674 1.12338e-05 2.97132e-04
              
675 675 1.11102e-05 2.95596e-04
              
676 676 1.07885e-05 2.89181e-04
              
677 677 1.11727e-05 2.97187e-04
              
678 678 1.07758e-05 2.89263e-04
              
679 679 1.08615e-05 2.89758e-04
              
680 680 1.10714e-05 2.95210e-04
              
681 681 1.10379e-05 2.93940e-04
              
682 682 1.11986e-05 2.97094e-04
              
683 683 1.08167e-05 2.89416e-04
              
684 684 1.08646e-05 2.90085e-04
              
685 685 1.08641e-05 2.89627e-04
              
686 686 1.09191e-05 2.90676e-04
              
687 687 1.05468e-05 2.81355e-04
              
688 688 1.09011e-05 2.90843e-04
              
689 689 1.05420e-05 2.84144e-04
              
690 690 1.08121e-05 2.88563e-04
              
691 691 1.06472e-05 2.85867e-04
              
692 692 1.10805e-05 2.94975e-04
              
693 693 1.07784e-05 2.90127e-04
              
694 694 1.02809e-05 2.78274e-04
              
695 695 1.05613e-05 2.83479e-04
              
696 696 1.07321e-05 2.86835e-04
              
697 697 1.09513e-05 2.93667e-04
              
698 698 1.05848e-05 2.85451e-04
              
699 699 1.02810e-05 2.76363e-04
              
700 700 1.03345e-05 2.79725e-04
              
701 701 1.05708e-05 2.85562e-04
              
702 702 1.06713e-05 2.89789e-04
              
703 703 1.03084e-05 2.79026e-04
              
704 704 1.05723e-05 2.86314e-04
              
705 705 1.04310e-05 2.84275e-04
              
706 706 1.05310e-05 2.85094e-04
              
707 707 1.04578e-05 2.82773e-04
              
708 708 9.98340e-06 2.73445e-04
              
709 709 1.02198e-05 2.78450e-04
              
710 710 1.02797e-05 2.76861e-04
              
711 711 1.03679e-05 2.82078e-04
              
712 712 1.00836e-05 2.74770e-04
              
713 713 1.04097e-05 2.83381e-04
              
714 714 1.06377e-05 2.87609e-04
              
715 715 1.04941e-05 2.85939e-04
              
716 716 1.04516e-05 2.87702e-04
              
717 717 1.05722e-05 2.86156e-04
              
718 718 9.91861e-06 2.73187e-04
              
719 719 9.82888e-06 2.72611e-04
              
720 720 1.03869e-05 2.84124e-04
              
721 721 1.05471e-05 2.87520e-04
              
722 722 9.97039e-06 2.75901e-04
              
723 723 9.91603e-06 2.72562e-04
              
724 724 1.00492e-05 2.75389e-04
              
725 725 1.02997e-05 2.81174e-04
              
726 726 1.00480e-05 2.74938e-04
              
727 727 9.82203e-06 2.71845e-04
              
728 728 1.00697e-05 2.78406e-04
              
729 729 9.80253e-06 2.70234e-04
              
730 730 1.02254e-05 2.80874e-04
              
731 731 9.65489e-06 2.68419e-04
              
732 732 9.61173e-06 2.67576e-04
              
733 733 9.23823e-06 2.59557e-04
              
734 734 9.97811e-06 2.75058e-04
              
735 735 9.85478e-06 2.73039e-04
              
736 736 9.99557e-06 2.76510e-04
              
737 737 9.88378e-06 2.73523e-04
              
738 738 9.73291e-06 2.68225e-04
              
739 739 9.76482e-06 2.69568e-04
              
740 740 9.37404e-06 2.62036e-04
              
741 741 9.63281e-06 2.67729e-04
              
742 742 9.32482e-06 2.60777e-04
              
743 743 9.85544e-06 2.72717e-04
              
744 744 9.58485e-06 2.65806e-04
              
745 745 9.58635e-06 2.65938e-04
              
746 746 9.75168e-06 2.71582e-04
              
747 747 9.42364e-06 2.63577e-04
              
748 748 9.86719e-06 2.74192e-04
              
749 749 9.40774e-06 2.63066e-04
              
750 750 9.63366e-06 2.69359e-04
              
751 751 9.27624e-06 2.59415e-04
              
752 752 9.55418e-06 2.67676e-04
              
753 753 9.32122e-06 2.62343e-04
              
754 754 9.33678e-06 2.61815e-04