 parm=rep(0.01,8)
> 
> op = optim(
+   parm,
+   f,
+   method = "BFGS",
+   hessian = T,
+   control = list(trace = T,maxit = 30000)
+ )

initial  value 6374.232031 
iter  10 value 6361.497494
final  value 6360.151535 
converged

> op 
$par
[1]  0.30911709 -0.41964190  0.14167412  0.06947968  0.85754455 -1.09754605
[7]  0.28012765  0.15082922

$value
[1] 6360.152

$counts
function gradient 
      47       14 

$convergence
[1] 0

$message
NULL

$hessian
           [,1]       [,2]        [,3]        [,4]        [,5]        [,6]
[1,] 1487.86497 1304.50803    31.24160   -23.36238 -659.288194 -580.211919
[2,] 1304.50803 1485.56391    31.04776   -25.94183 -579.767084 -642.028489
[3,]   31.24160   31.04776  1494.28679 -1306.47359  -20.182148  -17.651965
[4,]  -23.36238  -25.94183 -1306.47359  1498.33062   16.278452   16.378568
[5,] -659.28819 -579.76708   -20.18215    16.27845  400.482106  357.237533
[6,] -580.21192 -642.02849   -17.65197    16.37857  357.237533  397.458043
[7,]  -19.05047  -19.44456  -796.67612   655.89295   13.867021    1.276550
[8,]   17.28867   17.98799   655.18124  -708.72426   -5.089321    5.645448
           [,7]        [,8]
[1,]  -19.05047   17.288673
[2,]  -19.44456   17.987990
[3,] -796.67612  655.181238
[4,]  655.89295 -708.724255
[5,]   13.86702   -5.089321
[6,]    1.27655    5.645448
[7,]  631.62674 -485.586471
[8,] -485.58647  485.748279
